1 0.252395855218297 0 0 0 0 0 0.122708419996229 0 0.0185990325601818 0 0 0 0 0 -0.209799325789938 0 0.239576019180047 0 0.0179017851903933 0 0 0 0 0 -0.266539679025225 0 0 0 0 0 0 0 0 0 0.265075879924478 0.229374789489475 0.212783633563887 0 0 0 0 0 0 0 0 0.299849735158608 0 0 0 0 0 0 0 0 0 -0.0302502235859693 0 -0.0837958220104202 0 0 0 0 -0.0675298668719525 0 0 0 0 -0.0604054055335732 0 0 0 0 0 0.19749974308899 -0.0486126066704377 0 0.101538588447591 0 0 0 0 0 0 0 0 0 0 0.270124408222537 0 0 0 0 0 0 0 0.11733900958787 0 0 0 0.142728908227866 0 0.0952211964916515 0.128623993633766 0 0 0 -0.112132512507428 0 0 0 0.222845164796765 0 0 0 0 0 0 0 0.275997027676549 0 0 0 0.180313405917596 0 0 0 -0.170697411218113 0 0 0 0 0 0 0.304259939845031 0.117692203798971 0 0 0 0 0 0 0 0 0 -0.280800308691084 0.142929923830431 0.125650022678344 0 0 0.0789604897551109 0 0 0 0 0.162648646903868 0 0.0362991470022732 -0.174538918255 0 0 0 0 0 -0.26676675291831 0 0 0 0.0142787776656814 0.200057234495433 0.00606909803488803 0 0.303427895475945 0.226389113137666 0 0 0 0 -0.0708642440990419 0.054141458807533 0.182776435303009 0 0 -0.186421444537589 0.0382149124127688 0 0.145491664674813 0 0 0 0.267895862291175 0 -0.161795304410327 0 0 0 0 0 0 0
0.252395855218297 1 0.0302520637082215 0 0.0292253836407096 0 0 0.20546349779624 0.10359277668579 0.285206907315311 0.126199550972943 0.187285720117658 0 0 0 -0.220475237790029 0 0.165760388532038 0.0596982001539378 0.0312160601106181 0 0 0 0 0 -0.332338236398096 0.037353286352985 0 0 0.0597977953537339 0.140979666484197 0 0 0 0 0.260862994493112 0.156523626046446 0.194799604379013 0 0.0374389662024538 0 0 0 0 0 0.251599568716362 0.150477587763001 0.0624905822021242 0.106038898574697 0 0.121326799578252 0.212603248476404 0.187735190342442 0 0 0 -0.0316311737129024 0.20761148101404 0 0.0677434895125835 0 0 0 -0.0476819858668265 0.312260844325899 0 0 0.20550627541032 -0.222052836792391 0 0 0.0817716508783641 0 0 0.191011326768227 0 0.0979029423888447 0.297628284036233 0 0.0284639007199229 0.0163540505465311 0.127672476564537 0 0.128381556932565 0 0 0 0 0.25966171055141 0.187757941614645 0.0377878800129077 0 0 0.0579173361297797 0 0 0.0858553813812659 0.0900599086305178 0.108758514090918 0.0602129641924122 0.336634496990538 0.23926408037234 0.108033217062956 0.00621525679967522 0.0907614918149924 0 0 0 0.0579801474095185 0 0.0872176687126826 0.202696822915911 0 0.0560612825453452 0.0759034465688465 0.0206433773667123 0 0.187521512705784 0.0389066103467359 0.300243484274462 0 0.120832058755362 0 0.276189693668593 0.276073284402647 0 0 -0.227430522136604 0 0.0736247306416487 0 0 0 0.120984546219426 0.310600479340808 0.175819754193061 0 0 0 0 0 0 0.189192266300917 0 0 -0.0965489170285575 0.264878106742039 0.210032626265206 0 0 0.0517896266557769 0.0201067005839597 0 0.0424326971492531 0.106587400015391 0.20896247151688 0 0.0661177217073809 -0.214919933330935 0.26786403945782 0 0.0150761185190524 0.377989822571517 0 -0.300759697257659 0.0620115512010528 0.0461373347091724 0 0 0.405972614397667 0.180685631948102 0 0.179214551572121 0.110630614590194 0.206889651133505 0.0665975453625445 0 0.0917155471593092 -0.0252531621939127 0.0660035175531923 0.0979915304789794 0 0 -0.115852572388215 0.154860805534502 0 0.228926011944614 0 0 0.0300446409357347 0.182384155068124 0 -0.215592317523209 0 0 0 0 0 0 0
0 0.0302520637082215 1 0.236691861758834 0 0.102941568124899 0.087035372994015 0.307680127207494 0.184294421518421 0 0.194572998721695 0.0910741417562778 0 0.147634389247822 0.333687766505477 -0.100190720696587 0.148961871827787 0 0.20411976338339 0.0465008491557504 0 0 0.0921057262468002 0.311193572634431 0.117762915167172 -0.00705379221098579 0.103997259288584 0 0.0945816222102829 0.25170492537207 0.0725944720296632 0.128455510787224 0.116155790310775 0 0.206258528931834 0 0 0.0153694001029249 0.0465636326014756 0.0618024577311717 0.0472741647934571 0.296530355472232 0.0588152871562321 0.199608646742909 0.139962616478662 0.129939203334345 0 0.0936725554912642 0.266001776725435 0.0563537344344087 0.134506347349941 0 0.223662977594764 0.242541878658451 0.390106427202897 0.189376215098001 0 0.14126775717747 0 0.390575028719861 0 0.247863976143127 0.151171358725534 0 0.235283250920143 0.170703462693943 0.113972866038277 0.289974006493996 -0.0597383629635259 0 0.145546416569049 0.144495217615231 0 0.116943758475969 0 0 0 0 0.105910355167987 0.20244878146271 0.371358546315647 0.29056606687119 0.335080799878039 0.153178713325401 0.179078120448458 0 0.099133225841347 0 0 0.0998374593289801 0.0867182597427769 0.197805584565413 0.120828991718655 0 0.0971548389018999 0.0772313979939273 0 0 0.107575444429388 0 0 0.274716645065346 0 0 0.0107093461903445 0.0175664366480396 0.201515755165447 0 0.27607341700882 0.151621135481845 0.451257558511074 0 0.171442483669534 0.0270422790169473 0.17336836808774 0.152355132495759 0 0.16399707621253 0 0 0.203278135560352 0.0936869261302601 0 0 0.37411848537714 0.144880600649782 0.00929438503215774 -0.0939677330027095 0 0.310489628163378 0.281708345249342 0 0 0 0.023935741284592 0 0 0 0.18778774823846 0.207944916415124 0.28739607382477 0 0.355421002534209 0.117440918877201 0.227866675599919 0 0.240711613993209 0 0.00460113009154162 0.334598690421965 0 0.243918133843396 0 0.269424745114777 0.261819860939321 0.077107255263863 0.203612663143729 0.162211972229296 0 0.287125506477114 0.114636778450235 0 0 0 -0.0361995917672804 0 0.0472716804793279 0 0 0 0 0 0 0 0.0337934416972831 0 0.136988213436175 0 0 0.207446647392121 0 0.202441061960056 0.254747821956642 0 0 0 0.155428787445098 0.314726693825321 0.227660572710517 0.264874169367455 0 0 0 0 0 0 0 0 0 0
0 0 0.236691861758834 1 0 0.184888510352535 0.431753077447086 0.00759887051937008 0.118585306582863 0 0.0266506745583793 0 0 0.436245221231323 0.559011757875828 -0.0353291754866508 0.129588623127451 0.00885161180967559 0 0.0435327088762149 0 0 0.0486328666176958 0.168129187428631 0.296389534243737 0 0.355138682525348 0.167984460050717 0.13673706468196 0.101495888254636 0.132057473530666 0.317943430059022 0.385464657971052 0 0.269531542625826 0 0 0 0 0.127449503337338 0 0.436197163208182 0.0846218911753724 0.263597498280879 0.310472546011565 0 0 0.0386001372963747 0.512427806849627 0 0.388595707703798 0.0449150192053812 0.176235227923151 0.180001313264622 0.292542158127907 0.218544833797591 0 0.1121056721768 0.158561117612507 0.427392833359773 0 0.0491131557875492 0.240491285865551 0 0.140560825975443 0.174358624342611 0.305641170802752 0.217320440068689 0 0 0.443519597825433 0.0210446186838149 0 0.208882263074249 0 0.0157057740344729 0 0 0.206096121279353 0.429627307416434 0.445999847542236 0.341318015856017 0.338599430895259 0.205986925274285 0.160786798583412 0 0 0 0 0.153789308730405 0.320351908813896 0.113422899159493 0.259345433888693 0 0.297000865826464 0.0383801853436848 0 0 0.424258575999321 0 0 0.21825265618018 0 0.0477809418021014 0.122642596459041 0.275671716942965 0.44756834534489 0 0.421137401725036 0.204051575824403 0.291026452033091 0 0.0257916118014432 0 0.382005529536735 0.208214072659658 0 0.00839085003749734 0 0 0.0279515809693429 0.0399842497824348 0 0 0.346265470449781 0.224220918173503 0.260981388898194 0 0 0.353979666838851 0.472713249935346 0.0739331480841488 0 0 0 0 0 0 0.325629552346863 0.347834769070698 0.113649124736956 0.18476610057558 0.283322212234435 0.355370045625924 0.00723685741386715 0 0.0503550134273173 0 0.18774186809994 0.321122959321775 0 0.303139716910096 0 0.422975831986335 0.510132745965015 0.0192813689203719 0.256951462543682 0.253570895327217 0 0.0658507126441332 0 0 0 0.0391002487953989 0 0 0.126334088080053 0 0.127729204408474 0 0 0 0 0 0 0.072102334291417 0.298498153073878 0 0 0.094791009107261 0 0.343076490198249 0.288088217270696 0 0.0103205004387344 0 0.181933984340725 0.27120093054861 0.193135979664787 0.243864874033603 0 0.0667326183154987 0 0 0 0 0 0 0 0
0 0.0292253836407096 0 0 1 0.14860198546585 0.102662547497496 0 0.21815830663347 0 0 0.26475766949834 0 0 0 -0.0341822592313943 0.223188904133538 0 0 0 0 0 0 0 0 -0.048658918871459 0 0 0 0 0.138912544520324 0.10578549758267 0.108931816260935 0 0 0.0638588685727028 0.0610957189480739 0 0 0.379252411006613 0 0 0 0 0 0.141125320420687 0 0.142705535686151 0.0830540987757086 0 0.152267531158159 0.166283759370718 0.250478231862241 0 0 0.0447842295947734 -0.0541206808246882 0 0 0 0 0 0 0 0.225142842106283 0.190025602265404 0.0973915205469179 0.127680553786192 -0.0764137148131484 0 0 0 0 0.0475222567265937 0 0 0.180396980424546 0 0 0 0.0835060984694166 0.0448623669201799 0 0 0.0297201624928636 0 0.276646874873337 0 0.0697925502898867 0.125900868343451 0.257908593251487 0 0 0 0.181455331504361 0 0 0.131584139540987 0.014477700213978 0.0584338066359618 0.112815697388941 0.0615627827432529 0.0448415576790049 0 0.0439321237335658 0 0 0 0 0 0.0163420849463952 0 0 0.0431368953141324 0 0.107176728276222 0 0 0 0.158455569981482 0.0455631094330329 0.0820516429840463 0.231768333355854 0 0.123462653653383 0.147179637959291 0.0497882664003227 -0.0585014133945005 0 0.172079431390554 0.0883415630958772 0 0.228689021221442 0.0531614237932762 0.0659057154388305 0 0 0 0 0 0 0.010778950310124 0 0 0 0 0.0159104481301254 0 0.203200285213103 0 0 0 0.098360652983155 0.133365402003981 0.0220656896667882 0 0.0749647796410873 0 -0.0465121161707444 0 0.120109876907804 0.160236304064246 0 0.134022467681177 -0.068775150859689 0 0.00459174263836298 0.138004830370556 0 0.199501666676409 0 0 0.000848531516505768 0 0.254862690358228 0 0 0 -0.0700751093958716 0 0 0 0 0 0 0.151377546910726 0 0 0.244113937017316 0 0.0515363819113517 0 -0.0346465466665053 0 0 0 0 0 0 0
0 0 0.102941568124899 0.184888510352535 0.14860198546585 1 0.206575546743692 0 0.240079971013744 0 0 0.0606090408075738 0 0.158196908361911 0.202879654341417 -0.0845530046446807 0.184967620886064 0 0 0 0 0 0 0.0133460663494026 0.133064228825093 0 0.0524228487472207 0.0277372748310182 0 0.12026415915921 0.0620820585767622 0.20512817434711 0.162206693708469 0 0.0862047813433095 0 0 0 0 0.207533627730108 0 0.145183672703626 0 0 0.0517771808146634 0 0 0.0898399073859552 0.249096587222586 0 0.142436638606666 0.0520363071833257 0.274022076656891 0.0931548318374588 0.229706514868217 0.00222052257917887 -0.0521299479202191 0.174216249045652 0 0.149865996509756 0 0 0 0 0.235843463635336 0.238649722716605 0.315462253098435 0.228316555382492 -0.11680024270029 0 0.103481502553665 0 0 0.233920889284451 0 0 0 0 0.0309626827380666 0.181437328795379 0.317036266865895 0.252139026170332 0.147649901978764 0.106296230654876 0.0551151671613689 0 0.181015364461045 0 0 0.118157778753948 0.270032569595055 0.166919507702539 0 0 0.301935239124965 0 0 0 0.15012771868406 0 0 0.195267700027276 0 0 0.0325975787815248 0.118714638456961 0.218376478654838 0 0.150821901767736 0 0.228177345145976 0 0 0.0261382865390636 0.0774654515642587 0.218632127932541 0 0.100120386202629 0 0 0.178228687572692 0.111020880808105 0 0 0.21177723028782 0.218660500695946 0.17675897522218 -0.0791756315716116 0 0.304230304158658 0.179554580740605 0 0.210938084042967 0 0 0 0 0 0.0673501183343139 0.125546877110971 0 0.03570198097485 0.149502728395629 0 0.129598666882408 0 0.0105721266163318 0 0.172555549590605 0.112792158003343 0 0.085383966752843 0 0.219737778909429 0.226338835711075 0 0.200184798069239 0 0 0.000119038372153046 0.111222571288207 0 0 0.180463808276374 -0.00930727794271463 0 0 0 0 0.0265281340203606 0 0 0 0 0.171424213448556 0 0.0203097714342227 0 0 0 0 0.0434007067826202 0.182340592337232 0 0 0 0.0248695203045409 0.0735763214164737 0.305995338243689 0.0820070793240226 0 0 0 0 0 0 0 0 0 0
0 0 0.087035372994015 0.431753077447086 0.102662547497496 0.206575546743692 1 0 0.0933296161673074 0 0 0 0 0.28086299018592 0.427932138866628 -0.0134317153580301 0.201209137623248 0 0 0 0 0 0 0.0757014012439296 0.308226802686977 0 0.306709147618204 0.126443043042729 0.052981626610148 0.0666793719222696 0.171759085194115 0.272817011549061 0.412587521036687 0 0.197847048105258 0 0 0 0 0.184807148434385 0 0.337769857785733 0.0852291653720984 0.116746635128561 0.219145942255041 0 0 0.0565054436780957 0.463561309787188 0 0.371594888198714 0.0684987236388292 0.157280423768995 0.088249175458831 0.200504688453677 0.190553744117821 -0.01810551851584 0.130107749259 0.0396954834104375 0.320916182628771 0 0 0.180623843196667 0 0.126376572010963 0.221208863260014 0.272042549355071 0.188170741385105 0 0 0.310713380270567 0.00965371118077119 0 0.101491364317563 0 0 0.025831841413379 0 0.107196426792828 0.368227433307985 0.384394184967513 0.256367701215156 0.230754065478216 0.199911650216115 0.193142093894476 0 0.0761334081074277 0 0 0.0672301379062013 0.330480350193481 0.0898116316645284 0.133403672522919 0 0.265238019329782 0 0 0 0.378080694764506 0 0 0.129886702186665 0 0 0.119268188851905 0.245180803367534 0.346516964736801 0 0.290082523795665 0.173761750896202 0.265888090968903 0 0 0 0.334863871176719 0.263154019367193 0 0 0 0 0.0804650256449461 0.0887763126794752 0 0 0.266784326007477 0.175776830797845 0.286493376476199 0 0 0.272024757595471 0.381172247005992 0.0352241848633549 0.0961770804873757 0 0 0 0 0 0.223175908873104 0.310855845639379 0 0.203881781458187 0.14580866531153 0.197616174866981 0.0252652789752067 0 0 0 0.139358478722812 0.19266706088013 0 0.242932891761065 0 0.325450984935787 0.358332057987572 0.0950915496266271 0.289016820773653 0.116936860004003 0 0 0 0 0 0.121974202362705 0 0 0.0464339761314947 0 0.0617311247755348 0 0 0 0 0 0 0.0647205084965467 0.20166784277944 0 0 0 0 0.261844412726017 0.142316387213874 0 0 0 0.113472482067061 0.119019998730969 0.203727836679153 0.11564074355832 0 0.0466401003585248 0 0 0 0 0 0 0 0
0.122708419996229 0.20546349779624 0.307680127207494 0.00759887051937008 0 0 0 1 0.0346042938994999 0.00284633754015157 0.108580190995969 0.0817458436970754 0.0253534418276015 0.0205375968450948 0.104533694005243 -0.163921044642783 0 0.205428179537415 0.295472218308338 0.169704858553923 0 0 0.198055148174866 0.0722317740173031 0 -0.168771874566837 0.119316358991934 0 0 0.156445570973386 0 0 0 0 0.0931287862620996 0.0888322179252066 0.120821242834188 0.138292942706727 0.104439808657391 0 0.0314276379724204 0.141224024842733 0 0.171672080979141 0.127541937719829 0.0728479439793923 0 0 0.109620736384483 0.0204954365534602 0.0945300931758961 0 0.0171240549075175 0.153411427887555 0.126485860467104 0.0572108101092421 0 0 0 0.252637631109058 0 0.0721773048017643 0 0 0.20135737685011 0 0 0.210457374173241 -0.0268685044240017 0 0.0865868607922854 0.0195261003575912 0 0 0 0 0 0.0959191874306943 0.1060331788906 0.00558907573207318 0.0471864748875196 0.189279879739913 0.109129260812188 0.0580005608777646 0 0 0 0 0.118721061760776 0.101631523761332 0 0 0.0768024939873341 0 0 0.113600855759322 0.109145652840891 0 0 0 0 0.15162543120262 0.0342777430555869 0.17751353884259 0 0 0.0493417724740494 0 0.169657005211939 0.0517922511621882 0.112740280120141 0.284019208014258 0.236148708964844 0.0943804078811322 0.064257372340363 0 0 0.125125613185337 0.120710143188485 0.0325134806878604 0.0198058967175617 0.0501634895024177 0 0.156851289120531 0.277207564592361 0 0 -0.121180034250109 0 0.12704087413929 0.0479558340018787 0 0 0 0.297705945891504 0.165294980242167 0 0 0.073845695108297 0 0.0597559517392546 0 0.290050201194445 0 0 0 0.304300296142534 0.121235442877735 0 0.0841001257284302 0 0.0785545846031565 0 0.189138532433398 0.17609335446362 0.183714204748601 0 0.213581952724977 -0.0437674858999189 0.203381166290891 0 0 0.021734023601192 0 -0.124821978732464 0 0.021979515786955 0 0 0.139985990595743 0.000954764292380894 0 0 0.0246748368184532 0 0 0 0 0 0.202207668100955 0.0699369993181623 0.0852962695484782 0.0530839824036853 0 0.152826210191386 0.0055455724916848 0.292005060291146 0 0 0.222535216212926 0.019177191052454 0 0 0 0 0 0 0 0 0
0 0.10359277668579 0.184294421518421 0.118585306582863 0.21815830663347 0.240079971013744 0.0933296161673074 0.0346042938994999 1 0.0913627721704786 0 0.215027661489328 0.0698678022334147 0.0701161532709435 0.163448499864899 -0.120717337062788 0.265041082144815 0 0.137954750259816 0 0 0.0728131848043981 0 0.0135514601623296 0.005676651888741 -0.0954676357189216 0 0 0 0.111263584100386 0.171774538842676 0.177100479255929 0.093074217885756 0 0.0645930603848819 0.0695755189622763 0.0513962053817118 0 0 0.285488232069368 0 0.0608488988209931 0 0 0 0.106647063903558 0 0.256798198248472 0.1996766328393 0 0.152598847624652 0.30101680561271 0.338013361199473 0.158135645880104 0.279474705744356 0 -0.131357598608761 0.0713479329781467 0 0.135692696637008 0 0.0195272749129112 0 0 0.46015311001039 0.17728244651249 0.27403669448031 0.280854370308222 -0.179867043779362 0 0.116057292383156 0 0 0.293299110416801 0 0 0.143120402322357 0.174477126839586 0 0.0976754186448545 0.201565116094093 0.297288363040449 0.0811949444038061 0.0126187638922933 0 0 0.228896744705211 0 0 0.223419890892808 0.153023180743729 0.101080666855325 0 0 0.258205289092291 0 0 0.222526980034015 0.0672360643404811 0.20129361537291 0.132870010689686 0.358551480293849 0.0929426860321135 0 0.0244537068193713 0 0.102464612094622 0 0.171756178413614 0 0.173715192808939 0 0 0.33784000324012 0 0.233591281223832 0 0.324440693714778 0 0.154392633581862 0.214936732167321 0.203589246404501 0.0486239041986493 0.0602370592354707 0.323613848424827 0.15015872013814 0 -0.184410226373982 0 0.371928382161546 0.145399024796232 0 0.233868972624244 0.0829651937049434 0.110174101244313 0.105034230858446 0.1585881352923 0 0 0 0 0.0728940887362039 0.16756907412643 0 0.230487322022823 0 0.1455540907144 0.000996899392943007 0.217511197538706 0 0 0.0475454377669928 0.245467797928188 0.263375406011513 0.228062810108786 0 0.174141479426055 0 -0.140818703084972 0.0448282472322253 0.343483026519276 0.248855847605548 0.0934752213846972 0.150635920422337 -0.131802489430617 0 0 0.107493357400166 0 0.285922557629123 0.0457019425233838 0 0 0 0.401702711671529 0 0 0 -0.0695835793714894 0 0 0 0.0294662517721382 0 0.073291633722169 0.093715176938491 0.119892198193992 0.0561845686897033 0.393765731686327 0.0649587839429598 0 0 -0.10900904008413 0 0 0 0 0 0 0
0.0185990325601818 0.285206907315311 0 0 0 0 0 0.00284633754015157 0.0913627721704786 1 0.00385171577029553 0 0 0 0 0 0 0 0 0 0 0.0804976422608035 0 0 0 -0.136589929578835 0 0 0 0 0.104164564176941 0 0 0 0 0.00972471749600318 0 0.0114055442089873 0 0 0 0 0 0 0 0.0875658809218751 0.0723606925445077 0 0 0 0 0.190126578169692 0.0457578023277836 0 0 0 0 0 0 0 0 0 0 -0.0734013172244727 0.112250254462989 0 0 0.0226988976623274 -0.0622537586361034 0 0 0 0.0553603466124626 0 0 0 0.0985549264651755 0.354259416151354 0 0 0 0 0 0 0 0 0 0 0.0463431797323563 0 0 0 0 0.0765989838940852 0 0 0.201523209787529 0.301367167903542 0 0.206341211463026 0.284855615024585 0.103882557892774 0 0 0.0861697192323589 0 0 0 0 0 0 0.113553483512674 0 0.0721928151846417 0 0 0.177208250674201 0.199277797440399 0.251139678161616 0.0381107461461593 0 0.0786264265486858 0 0.284427129242552 0.0144769088660411 0 0 -0.0901409937592852 0 0 0 0 0 0.108132348383891 0.028912338094142 0.220271212616321 0 0 0 0 0 0 0 0 0 0 0.131786622132314 0.0587840378058664 0 0 0.238151129302277 0 0.105295334635125 0 0 0 0 0 -0.137801518083174 0.129200319936731 0 0 0.277780731260314 0 -0.132264654232531 0.00633042733394173 0 0 0 0.221523929698251 0.254153501207038 0 0 0.00951456896280034 0.22061126166499 0 0 0.189421973866088 0 0 0 0 0 -0.0491252866371715 0 0 0 0 0 0 0 0 -0.0772894030400973 0 0 0 0 0 -0.0213521418031273 0
0 0.126199550972943 0.194572998721695 0.0266506745583793 0 0 0 0.108580190995969 0 0.00385171577029553 1 0.104156864468577 0 0 0.156552966910391 -0.103383123180488 0.11651996600194 0 0 0 0 0 0 0.234282003290479 0 -0.0553435435915241 0.0793744541805458 0 0 0 0.111850242909402 0 0.034021460119683 0.101844717128586 0.0317540461301743 0.145422939650117 0.102878217871167 0 0 0 0 0.0189271173385198 0.130197612544141 0 0 0.15593392670803 0.0574199637711234 0 0.0580103406199285 0 0.163028837118856 0.0257602840930231 0.199763365157452 0.0418810169628188 0 0.163693049469466 0 0.105716012221069 0 0.217479318771294 0 0.00169585764542551 0 0 0.0734942676600679 0 0 0.129527586432283 -0.0782008046495109 0 0.00796534229665402 0.387637096853196 0.0299077141722257 0 0.216638784757167 0 0.0713079072339111 0 0 0.176485123559179 0.192869186361935 0.132976135857432 0.0964740970957895 0 0.0844339023380426 0.124855224989362 0 0.0458062567723102 0.0348904156579666 0.0206577403035245 0.107147066722775 0.0276825176733676 0 0 0 0.0515802055594637 0.0959858452982996 0 0.0553803407354296 0 0 0.0743408249526158 0 0 0.229672314176806 0 0 0 0.134919129216386 0.0308031055530763 0.245502284717473 0 0.0272245311093327 0 0.0794178097958499 0.0822482754693593 0 0 0 0 0 0.049265026182357 0 0 0.171384343514432 0.0531490753518017 0 -0.124776227983927 0 0.00841431164160872 0.034135310534444 0 0 0 0.0801263195649995 0 0 0 0 0 0.163561236505878 0.0365483335239766 0.10536786476167 0 0.0351933263633578 0 0.289851231179086 0.0425923146100137 0 0.310722517941711 0.00419297599738117 0.0776055114113507 0 0.10792325376044 0.0526804031034943 0.21787071665415 0.0532990941051736 0.102069751625848 -0.0302946620877494 0.365550857975467 0 0 0 0 -0.130808429809597 0 0.138357139173306 0 0.0119057485040905 0.0751103469971915 0 0 0.0393404115114485 0 0.0043817189490829 0.0390425511348463 0.0515110717369268 0.0170612897068096 0 0.110179317396831 0 0 0 -0.0201411070790162 0 0 0.034658619278608 0.0429848592328674 0.0351183869561876 0.0341567540634207 0.0281657114840851 0 0 0 0 0 0 0 0 0
0 0.187285720117658 0.0910741417562778 0 0.26475766949834 0.0606090408075738 0 0.0817458436970754 0.215027661489328 0 0.104156864468577 1 0 0 0.0766251390382718 -0.280522224258001 0.249176137561883 0 0.177894614650483 0 0.0705471232531726 0.0347464563219838 0 0.0962623275103511 0 -0.269240729922808 0.00163532854460996 0 0 0.0810578964847076 0.122384282039393 0.0765753417873897 0 0 0 0.218650104323664 0.309579187726886 0.0319255477101888 0 0.202860709043408 0 0 0.0061803345378143 0 0 0.210173679333983 0.1765135384546 0.0969432252334755 0.0918742239474718 0 0.218010133393905 0.151519141329637 0.254616569947029 0 0.0948751691304574 0.0894003256424312 -0.209512185298286 0.0139048589558861 0 0.0946207287978106 0 0 0 -0.142812041042152 0.304911700633038 0.183622559029289 0.0219450341977624 0.181688936619533 -0.294212865721384 0 0.0039190273010471 0.0283505441103724 0.117242499351716 0.0184026742988144 0.0290957029388393 0 0.122443325221997 0 0 0 0.102742673035045 0.159461317666978 0.0120890165476496 0 0.0757039147774885 0.108985400089644 0.206451193128135 0.0493411065154516 0.147600197122933 0.191121818601064 0.100954903157448 0.0231275575203506 0 0 0.0669652674210549 0 0.00118832571188149 0.0541798988082366 0 0.0453357120837945 0.179493602667324 0.185990248335883 0.232416006354759 0 0 0 0 0 0.0862966231103467 0 0.126961026469628 0 0 0.190056850980918 0 0.107694932692274 0 0.0236447058147021 0 0.285085858419314 0.16750988423118 0.189052628721904 0.107428813493758 0.110509511376798 0.254581045397108 0.0544774195378163 0.0211079717135273 -0.296541501434977 0 0.190109230462365 0.108198279373915 0 0.0966335348401527 0.0788414932902474 0.270368586394485 0.10109816772591 0 0.0589651877189927 0 0 0 0 0.0626432944221796 0 0.0395277352012554 0 0.2271756742209 0.227994131100969 0.254918470200394 0 0 0 0.105608347998359 0.228978208166654 0.0945227555616607 0.16394783774518 0.0842376229034256 0 -0.322995127079926 0.189574783815664 0.228527016257846 0.283503696603125 0 0 -0.280218962685639 0.0138556639857401 0.104320719429301 0.0091425936611027 0.0160084232770298 0.377117824093087 0.0104431984489128 0 0.228346068226502 0.074322565205619 0.306234120369976 0 0 0 -0.263243342374549 0.175149186513199 0 0 0 -0.170393951870488 0.00514093387100784 0.269541198645465 0.127826655212612 0 0.259199585830329 0.00780767656736053 0.279245942091596 0 -0.229316161268179 -0.0613461427224278 -0.147228566537192 -0.10638059347463 -0.0715165426237523 -0.130258832879061 -0.0329799744874764 -0.094544556896274
0 0 0 0 0 0 0 0.0253534418276015 0.0698678022334147 0 0 0 1 0.066742075440458 0 -0.118171792725942 0 0 0.203860257414737 0 0 0 0 0 0.0371268987774883 -0.0404559527748138 0.00982385589287699 0 0 0 0 0.206017537012738 0.0919004346898293 0 0 0.126211044441241 0.0490245231660827 0 0 0 0 0.0149034236997767 0 0 0.028838320707658 0.013076633232556 0 0.172005981217717 0 0 0.0855691341379615 0.0602227828457006 0 0 0.00241224296611614 0 0 0 0 0 0 0 0 0 0.124252118170004 0 0 0 0 0 0.205709765078678 0 0 0.00594908049461607 0 0 0 0 0.179798560493209 0 0 0.116645711473296 0 0 0 0 0 0 0.23131020862234 0.150421633627563 0.0425906719839927 0 0 0 0 0 0 0 0.0928481175918299 0 0.112901714970226 0.156429618327168 0.23484248020258 0 0 0.209187196590601 0.143732931268498 0 0.0807221133142023 0 0 0.0209156993559287 0 0.021179124180122 0 0 0 0.0193203677945167 0 0.164642995401657 0.071857530876378 0 0 0 0.094177986220714 0 0 0 0 0.215027745410129 0.0133908822925655 0 0 0 0.183204028436404 0.182584198281645 0 0 0 0.00540698340432511 0 0 0 0 0 0 0.0234789144774393 0.045091291948041 0.288086959078891 0 0 0 0 0.195884334374477 0.136331000473341 0 0.0407053766946667 0 0 0 0 0.163380516819084 0 0.0846677039149369 0 0 0.0331742360336404 0 0.228929803505194 0.0506615466992317 0 0 0 0 0.0310364893047768 0 0 0 0 0 0.0600066379942396 0.0596366497254484 0 0 0.323557303307616 0.126261225709983 0.0890090414209128 0 0 0 0 0.186984843563341 0 0 0 0 0 0 0 0
0 0 0.147634389247822 0.436245221231323 0 0.158196908361911 0.28086299018592 0.0205375968450948 0.0701161532709435 0 0 0 0.066742075440458 1 0.416444267945244 -0.00694030949654195 0.00716991278219847 0.00760254287518064 0.075683385693474 0.0611790449070357 0 0 0.151032737904369 0.145543661350365 0.261274214609284 0 0.348677354634112 0.0884565707920781 0.175170648364217 0.0936468355812465 0 0.307825016624427 0.282487825163886 0 0.25047430205679 0 0 0 0.158721891939213 0 0.060292091320177 0.360843290562401 0.0887097625936772 0.29025393132055 0.354293201772443 0 0 0 0.340267941402353 0.102318574333496 0.316256097118804 0 0.0994273958188559 0.166187214755831 0.229397490753049 0.265861411940318 0 0.119404643685611 0.0655937551558666 0.340308498239415 0 0.0775582774310271 0.153004961557605 0 0.0885607009706356 0.168326232262933 0.240904590073283 0.246695295648967 0 0 0.398157060141075 0 0 0.154937538906308 0 0 0 0 0.263719148735417 0.253591241033957 0.332112086883106 0.336811744978205 0.261053129417952 0.120938235006269 0.0677048557044147 0 0 0 0 0.0742197874710749 0.244518508622814 0.0421191949327731 0.275005691268288 0 0.21509514574703 0.155842547349859 0 0 0.279422525385139 0 0 0.138358138263717 0 0.112848471882864 0 0.278926349696683 0.404942907396198 0 0.334995382968546 0.207915554649369 0.149121305370197 0 0.0311538575661915 0 0.221959856195463 0.0535697770960035 0 0 0 0 0.0365585388065856 0 0 0 0.234855896634554 0.210016899209863 0.153763101762945 0 0 0.326949225195614 0.363949343012886 0 0 0 0 0 0 0 0.351967618001841 0.312193392897924 0.0752267422465261 0 0.275754475720628 0.323821501982428 0 0 0.0957682647834874 0 0.192413522685069 0.231019205510909 0 0.238178027637061 0 0.422713589324726 0.440690408870147 0.0350600123058201 0.160518759978335 0.306900569841211 0 0 0 0 0 0.016982152596613 0 0 0.0867382263909187 0 0.118141334706474 0 0 0 0 0 0 0 0.180965361659877 0 0 0.0136583840819954 0 0.253889635466737 0.213499951335447 0 0.0928927633777268 0 0.176888306897193 0.199648402999581 0.155228047330846 0.221504386169682 0 0.0947574350569412 0 0 0 0 0 0 0 0
0 0 0.333687766505477 0.559011757875828 0 0.202879654341417 0.427932138866628 0.104533694005243 0.163448499864899 0 0.156552966910391 0.0766251390382718 0 0.416444267945244 1 -0.189935744812825 0.264211434340701 0.125587025091918 0.0286716868989877 0.136481711158819 0 0 0.145943108789283 0.291170528477338 0.330253478632701 -0.011418792201297 0.377617141784017 0.175913231620734 0.0753443398880246 0.216344614432008 0.115640238174261 0.293901647688061 0.344546895113334 0 0.316092380866561 0.0393448542285618 0 0 0.12620191578752 0.102007265867121 0.0637343028982376 0.452438915454793 0.189226603727137 0.315839191853428 0.334935266100974 0.0599662601719187 0 0.0392895232949675 0.489997127196676 0.0513647200368688 0.43587899442544 0 0.271474228979854 0.188631918564048 0.351518090607879 0.342245917763856 -0.116269720098542 0.134028462723924 0.0704547219928154 0.509019886573643 0 0.0811067469370444 0.350377290487929 0 0.218223520508847 0.248864433551218 0.306627647261218 0.272140399777627 -0.0942350370466188 0 0.433185804270247 0.182132910569065 0 0.219153429044887 0.0878552810070827 0 0 0 0.241557968917955 0.459374861612563 0.580873093193877 0.355815669168564 0.416364155217752 0.263947519665023 0.238731643834045 0 0.0507110593098254 0 0 0.105148950712082 0.285674808189802 0.223628726332792 0.243387534911559 0 0.259791637594214 0.154761684377702 0 0 0.368832500453204 0 0 0.273452032848785 0 0.0732253180656271 0.133310813932075 0.255174914108119 0.468327643227494 0 0.388786225496566 0.195082984476187 0.357285428287204 0 0.0370543575388276 0 0.443759821315045 0.267794897796329 0 0.0418796091805664 0 0 0.216447344578452 0.150047795654772 0 0 0.387424954310196 0.1763750753163 0.261185060711586 -0.0722464564370589 0 0.414690215596916 0.57773620567168 0.0956389691850934 0.0114778128561728 0 0.0524794453788888 0 0 0 0.40786836071904 0.430978383884852 0.242244812049199 0.174401596065168 0.376345933685824 0.237500378880044 0.1330543618717 0 0.159714796930776 0 0.207561216868251 0.368081217926209 0 0.387513313055871 0 0.488902589699438 0.536996202153368 0.202299927623788 0.300022156138843 0.286652111912821 0 0.184603618060593 0 0 0 0.00220348546575644 -0.0432712264155008 0 0.188019123797768 0 0.139903099185462 0 0 0 0 0 0 0.0176586505443114 0.269461598459676 0 0 0.240494761115223 0 0.331403936675306 0.335838777208155 0 0.0694071834306743 0 0.279467621303792 0.282871748263385 0.254010835257577 0.377653367118302 0 0.101718538112039 0 0 0 0 0 0 0 0
-0.209799325789938 -0.220475237790029 -0.100190720696587 -0.0353291754866508 -0.0341822592313943 -0.0845530046446807 -0.0134317153580301 -0.163921044642783 -0.120717337062788 0 -0.103383123180488 -0.280522224258001 -0.118171792725942 -0.00694030949654195 -0.189935744812825 1 -0.0644969079996279 -0.133742673181799 -0.169873100760653 -0.0228127128462536 -0.0509761896941188 0 0 -0.0189697566465535 0 0.446778220297149 -0.163682142708216 0 0 -0.167303318822236 -0.0786236145347768 -0.0919220118038559 -0.0663692438861632 0 -0.077378597425737 -0.377611979467984 -0.261969886879574 -0.142132095542071 -0.157144788924674 0 0 -0.0240842314626885 -0.0748814554106687 -0.0988192099087833 -0.132185744718559 -0.142732477254041 -0.218362466922447 -0.0762170654714217 -0.120596886966132 0 -0.236590188218804 -0.104169194522612 -0.253112406823816 0 -0.0456899848998963 -0.0220471636147129 0.335504960500636 0 0 -0.144527783510096 0 0 -0.0684031200244358 0.152177053213821 -0.243578468797678 0 -0.0320488839045045 -0.178740320240166 0.452157445373169 0.0177684626363669 -0.169481857226825 -0.0907069564262166 0 -0.0244827917524398 -0.186430549819658 0.0123383138186233 -0.0693733305237584 -0.00326447843771632 -0.136030420178249 -0.167295373341095 -0.211615397668357 -0.182510450178955 -0.0580868460694574 -0.0899716226740527 0 -0.0803253169136733 0 0 -0.237637099043631 -0.208503137979181 -0.107322863275841 0 0 0 0 0 -0.0505658987376342 0 -0.119333883501291 0 -0.0963123593874899 -0.260810338538716 -0.270597205020193 -0.0287667265981293 -0.0879379374748459 -0.0634127502285372 -0.116649713539839 0 -0.141944805674028 0 -0.0517671362294453 -0.0445884314895146 0 -0.0591315854898345 -0.128184215064916 -0.0207879694660075 0 -0.17013601408248 0 -0.352771521901843 -0.205725707187101 -0.252979082052198 0 -0.0826339723703574 -0.278708267245853 0 -0.110087432263254 0.522328689539063 0 -0.239902546676183 -0.170985777180396 0 0 0 -0.320340380862509 -0.0996677671334536 0 0 -0.0829134524630272 0 0 -0.00389863656222694 -0.247621463914469 0 0 0.132141786193335 -0.259125039290607 -0.194652904506994 -0.206718562331548 -0.123092967025426 0 -0.0477799193634192 0 -0.229781171461362 -0.224688911423967 -0.233776772910342 -0.0738763254752007 -0.105246940806274 0.384650038194925 -0.18859417642071 -0.0862273351320607 -0.0773058113973598 0 0 0.382121773572391 0 -0.0692571076599564 0 -0.219691138714299 -0.286141729220222 0 0 -0.324154038763696 -0.0485101360951337 -0.246909789734831 0 0 0 0.313954230145902 -0.286622368116973 -0.0891879106970816 -0.0998686035533266 -0.0529051422691987 0.222533216893528 -0.199253638362841 -0.102274516574859 -0.295596116565623 0 -0.0494194736541593 -0.205530620466593 -0.275942623200817 -0.125929316117343 0.293384758391798 0 0 0 0 0 0 0
0 0 0.148961871827787 0.129588623127451 0.223188904133538 0.184967620886064 0.201209137623248 0 0.265041082144815 0 0.11651996600194 0.249176137561883 0 0.00716991278219847 0.264211434340701 -0.0644969079996279 1 0 0 0 0.152680290945584 0.213004273924783 0 0.237174248004005 0.0820741716143384 -0.00331414466265029 0 0 0 0.0304203659285751 0.215510891775555 0.130177642997224 0.0801411775204141 0 0 0 0 0 0 0.226568993024294 0 0.0665258043412482 0.00303368429650702 0 0 0.13825937971117 0 0.11053375228564 0.171569415893155 0 0.219613112921173 0.0836030560341227 0.302992490186852 0.0904558079333285 0.209458838545755 0.111954825038875 -0.185442508405958 0.0208013518400227 0 0.126583597738793 0.195239926668979 0 0.0446957063076372 0 0.1880791792421 0.3617295730147 0.23615673940136 0.077217276534511 -0.172639047976058 0 0.0662987299389249 0.151747833771492 0 0.237244621067031 0 0 0.257309292183854 0 0 0.187057056747568 0.309190242877942 0.17897848279797 0.172382092037608 0 0.170653782472391 0.108685379685587 0.39920118992415 0 0 0 0.187119768947018 0.354411381692544 0 0 0.360650991813456 0 0 0 0.125653338775057 0 0 0.226217783770611 0 0 0.05400748872813 0 0.0584702192627213 0 0.160218923978706 0 0.29233857197081 0 0 0 0.0439777037952032 0.352753589897636 0 0 0 0 0.163866336825726 0.182682918668462 0.304298711364925 0 0.183165816538631 0.151222684124448 0.0684988458970404 -0.0954980117750734 0 0.245257562511091 0.23630122640599 0 0.447584245292306 0 0 0 0 0.148021816277511 0 0.117758193779204 0 0.153728408777955 0 0 0.369083841992587 0 0.0342019770729789 0 0.164506752205156 0.0713369890528774 0 0.0752938568816334 0.163495657629966 0.205527843082046 0.126397872427114 0 0.268566646121482 0 -0.0273440234479623 0.164410988815564 0.278240582297813 0.147434154538961 0 0.0837549444633253 -0.0369952336087537 0 0.124952610088047 0 0 0.0883348679211588 0 0 0 0 0.164870818720174 0 0 0 -0.0174364909415827 0.0224961052872842 0 0 0.0484899438933792 0 0 0.000525305426048339 0 0.18005129497413 0.457569575908589 0.0108208421026095 0 0 0 0 0 0 0 0 0 0
0.239576019180047 0.165760388532038 0 0.00885161180967559 0 0 0 0.205428179537415 0 0 0 0 0 0.00760254287518064 0.125587025091918 -0.133742673181799 0 1 0 0.38398720999383 0 0 0.345274941831663 0 0 -0.0857116901257324 0.282680597466427 0.0994966756287007 0 0.0805689982679854 0 0 0.031876580444876 0 0.145971180094965 0.13823447471508 0 0.21980092040309 0.202807479198593 0 0.100383732153692 0.0972729702645173 0 0.167327018717831 0.161880944504136 0 0 0 0.111183011254987 0.162150055343514 0.0626334925206485 0 0 0 0 0 0 0.0741543209265715 0 0.115260828596151 0 0 0 0 0.0590161055767837 0 0 0.180956109223689 0 0 0.0534471014223458 0.0192031143837706 0 0 0.141480610887117 0 0 0 0.0138419589779795 0.0710591921082362 0.035466425794822 0.041293349128775 0.0842551601025295 0.330694604031901 0 0 0 0 0.0951584646798915 0 0 0 0.235907914120244 0.089748864486947 0 0.041908002850302 0.0347484124671378 0 0.0209038206138472 0 0 0 0 0.255456317793449 0 0 0.0772250346694792 0 0 0 0 0.0508173488932631 0.0443785291212624 0 0.233927805771041 0 0 0.044142246465505 0 0.114126666172878 0 0 0 0 0.0963654969889937 0 0 -0.0236842279972425 0 0.0432346381794636 0.0562622309308582 0 0 0 0.176247400179411 0 0 0 0.126199513366851 0 0 0 0.316437804161757 0.00841739089676768 0 0 0.117141623944206 0 0 0.0700119344843266 0 0.209010891498963 0 0.0657407760160393 0.187646036136869 0.26555859610262 0 0.346402164512943 0 0 0 0 0 0 -0.134571899333685 0 0 0 0.0352876039702987 0.0511408743128628 0 0 0 0 0 0.129617008972434 0 0 0 0.105472406439607 0.111412342444225 0.00625353266161571 0.0356892643634305 0 0.159987643645695 0 0.383509188961118 0 0 0.335791718716895 0 0 0 0 0 0 0 0 0 0
0 0.0596982001539378 0.20411976338339 0 0 0 0 0.295472218308338 0.137954750259816 0 0 0.177894614650483 0.203860257414737 0.075683385693474 0.0286716868989877 -0.169873100760653 0 0 1 0 0 0 0 0.0503158414464786 0 -0.118078330531302 0.0756677157952243 0 0 0.111400105320398 0 0.16533536820046 0 0 0 0.110432535648165 0.22381773000951 0 0.081328646533356 0.00934395190728188 0 0.0275433266235213 0 0.0899350600280701 0.162676752625008 0.0933379018998405 0 0.0605469138988006 0.0390186118211774 0 0.0946038981468152 0 0.0550587463785252 0 0.132164664963924 0.0772008827349868 0 0 0 0.164364979698587 0 0.0545669973746687 0 0 0.237243978107697 0.00468069490861184 0 0.21923663996803 0 -0.00188717781320491 0.147048837660553 0 0.0825691386900103 0.0478708437322731 0 0 0 0 0.126367129131731 0 0.0502821802577246 0.188864525201839 0 0 0 0 0 0 0.150058659549886 0.196119951998713 0.0583701648753805 0 0 0 0.00457523343330923 0 0 0 0 0.0772140168979704 0.113647566530634 0.183130786586579 0.142022055282727 0 0 0 0.0533459685365413 0 0.13550783364974 0 0.0326956892108247 0.223151254385086 0.0159201391163613 0.174105916268224 0 0 0 0.125264739853443 0.0923532726488396 0.0621675979078329 0 0 0 0.167648993427716 0.284405421756124 0.0644387423390518 0 -0.125242131634534 0 0.214863891662588 0.141316570245532 0 0 0 0.289210181620725 0.254412237454615 0 0 0.00651064153242487 0 0 0 0.210187008759414 0 0 0 0.276033291154277 0.148771837437757 0.181795555381798 0 0 0 0 0.246106848510515 0.154739688017554 0 0 0 -0.0769851715143611 0.0262615185153583 0.0796225679755674 0.0966836830230017 0 0 -0.0709534328259471 0 0.047685296375009 0 0.0106397015879073 0.141919527530235 0 0.00587151532085034 0.00135529389236055 0.0649412501747759 0.100289810301226 0 0 0 0 0.110561923642156 0 0.126113430257524 0 0 0.147983059138981 0.315287210780679 0.14506333791125 0 0.0438348557265186 0.0452963944608062 0.0320787887046304 0 0 0 0 0 0 0 0 0
0.0179017851903933 0.0312160601106181 0.0465008491557504 0.0435327088762149 0 0 0 0.169704858553923 0 0 0 0 0 0.0611790449070357 0.136481711158819 -0.0228127128462536 0 0.38398720999383 0 1 0 0 0.501278262296213 0 0.0616106326543789 0 0.16550412184067 0.164543954425583 0 0.139770095146814 0 0 0 0 0.161641263204917 0 0 0.137858239473684 0.223930904766503 0 0.33393347499107 0.180606258451274 0 0.247032851468685 0.211029697163381 0 0 0 0.148672414838699 0.142581237606341 0 0 0 0 0.0410097939268951 0 0 0.0700131695266492 0 0.156925963438431 0 0 0.0833244054983969 0 0 0 0 0.11023390449203 0 0 0.00647711798568557 0 0 0 0 0 0 0 0.0673370261354449 0.0282465414176957 0.0489459647896622 0 0.166126120079424 0.393587631619117 0 0 0 0 0 0 0 0 0.245005369483876 0.0510233729207905 0 0 0 0 0 0 0 0 0 0.298761142052162 0 0 0.176633274513245 0 0 0.0560054111615688 0 0 0.0760329220724531 0 0.253942512963177 0 0 0.0751188370645198 0 0 0 0 0 0 0.0990749662796744 0 0 0 0 0.0633622589487845 0.051218918107577 0 0 0 0 0 0 0 0.176559201718369 0.0444479849316158 0 0 0.3207827316954 0.128967356007608 0 0 0 0 0 0.0729309048541045 0 0.253439630390543 0 0.0388697422267637 0.224037341239456 0.101909390834074 0 0.350272394942915 0 0 0 0 0 0 -0.0116945734575966 0 0 0 0 0 0 0 0 0 0 0 0 0 0 0.12282326580059 0 0.126177865772898 0.148213263119014 0 0.070006202120768 0 0.356289613831484 0 0 0.369028290759995 0 0 0 0 0 0 0 0 0 0
