1 0 0 0 0.679146301254705 0 0 0 0 0 -0.72627763033749 0 0 0 0.645538962655756 0 0 0 0 0 0 0 0.601550874953434 0 0 0.706200238265293 0 0 0.691567677975627 0 0 0 0 0 0 0.730573890929932 0.633203474311734 0 0 0 0 0 0.694182878213856 0.670012678342041 0 0 0 0.704539873280202 0 0 0.658817500681433 0 0 0 0 0 0.771929216510911 0 0 0.795455260019182 0.600829045072899 0 0 0.622865405884008 0 0 0
0 1 0.630631255698228 0.701619521146888 0 0.727627160444871 0 0 0 0 0 0 0.690469749411626 0 0 0 0 0.659941170664829 0 0.617602371534158 0.784045821142291 0 0 0 0.784514422659255 0.629222644859537 0.68391340043339 0 0 0 0.765297940255041 0.684505460810583 0 0 0 0 0.66865603900474 0 0 0.670012810948214 0 0 0 0.768057879316534 0 0 0.704429022102772 0 0.749360396473603 0 0.634651007932603 0.63785752778279 0 0.663364139054171 0.655759254878715 0 0 0 0 0 0 0 0 0 0.621599966649911 0 0
0 0.630631255698228 1 0 0 0.891813239246172 0 0 0 0 0 0 0.81448553149247 0.657536892220273 0 0 0 0.86248260341486 0.782535101643192 0 0.686481552067301 0.612484227736985 0 0 0.808942064550879 0 0.611259834008083 0 0 0.810348955623591 0.820657591999096 0.735257409795411 0 0.71429130275329 0.806968643249853 0 0.612192050119574 0.669611110882359 0.821645164689656 0.805003459447525 0.775944923476129 0 0 0.740204864389175 0.618160312112897 0 0.747919060778245 0 0.677261606173829 0.749309439565318 0 0.69707911084949 0 0.806160989612047 0.861037565080105 0.647510289266611 0 0 0 0 0 0 0 0 0 0 0
0 0.701619521146888 0 1 0 0 0 0 0 0 0 0 0 0 0 0 0 0 0 0 0 0 0 0 0.646577025048452 0 0.604396768112635 0 0 0 0 0 0 0 0 0 0 0 0 0 0 0 0 0.671146958531755 0 0 0 0.691645339830898 0.683989595133839 0 0.698239690081928 0 0 0 0 0.607521346664371 0 0 0 0 0 0 0 0.68594445423054 0 0 0
0.679146301254705 0 0 0 1 0 0 0 0 0 0 0 0 0 0 0 0 0 0 0 0 0 0 0 0 0 0 0 0.748198810090748 0 0 0 0 0 0 0.678795008963979 0 0 0 0 0 0 0 0 0 0 0 0 0 0 0 0 0 0 0 0 0.671720125199708 0 0 0.615463323637645 0.614550655604384 0 0 0 0 0 0
0 0.727627160444871 0.891813239246172 0 0 1 0.658150828280095 0 0 0 0 0 0.824711819944039 0.709778585792822 0 0 0 0.848359582892632 0.814285202999632 0.665413622919248 0.745457484547273 0.73618531170325 0 0 0.860336875833686 0.612162914448241 0.666079793717021 0 0 0.829078897154487 0.905577783705684 0.749755063107958 0.657886913604417 0.679614202129196 0.762771894392598 0 0.667391426788179 0.649114308047513 0.834715833726851 0.78272561943596 0.819247205115309 0 0 0.78136434824959 0 0 0.800944120033524 0 0.770285327625218 0.631439772819438 0 0.781452706995265 0 0.84767042965363 0.877951593050549 0.680591505852215 0 0 0 0 0 0 0 0.673407015243186 0.647950229196971 0 0
0 0 0 0 0 0.658150828280095 1 0 0 0 0 0 0 0 0 0 0 0 0.613552506860567 0.696931884126246 0.603398232485149 0 0 0 0 0 0 0.651248686123248 0 0 0.703129636817336 0 0 0 0 0 0.620157177710005 0 0 0 0 0 0 0 0 0 0.639196956450485 0 0 0 0 0 0 0 0 0 0 0 0 0 0 0 0 0 0.827942235785318 0 0
0 0 0 0 0 0 0 1 0.777926603933224 0.739214335771057 0 0 0 0 0 0 0 0 0 0 0 0 0 0 0 0 0 0 0 0 0 0 0.724633997971295 0 0 0 0 0 0 0 0.627867199710435 0 0 0 0 0 0 0 0.710377198101151 0 0 0.602950285438357 0 0 0 0.740341558452337 0 0 0 0 0 0 0 0.777448582900512 0 0 0
0 0 0 0 0 0 0 0.777926603933224 1 0.855462519807155 0 0.727872868930464 0 0.640972245408079 0 0 0 0 0 0 0 0 0 0 0 0 0 0 0 0 0 0 0.787527025558511 0 0 0 0 0 0 0 0.647881906902571 0 0 0 0 0 0 0 0.714722125634794 0 0 0.647379024329937 0 0 0.61797673517885 0.744211788882309 0 0 0 0 0 0 0 0.750229007770878 0 0 0
0 0 0 0 0 0 0 0.739214335771057 0.855462519807155 1 0 0.833036180891575 0 0.731798057136306 0 0 0 0 0 0 0 0 0 0 0 0 0 0 0 0 0 0 0.68943359108002 0 0 0 0 0 0.616216325519737 0 0 0 0 0 0 0 0 0 0.711908287813305 0.601756223477628 0 0.659218298047036 0 0 0 0.752581376154097 0 0 0 0 0 0 0 0.667807615943363 0 0 0
-0.72627763033749 0 0 0 0 0 0 0 0 0 1 0 0 0 0 -0.618456589020583 0 0 0 0 0 0 0 0 0 -0.639808392615251 0 0 0 0 0 0 0 0 0 -0.644340058845874 -0.605299237575296 0 0 0 0 0 -0.773837458041176 -0.641792267772267 0 0 0 -0.763855160631973 0 0 -0.618014735227243 0 0 0 0 0 0 0 0 -0.780826786180959 -0.651395454572248 0 0.662069694030701 -0.627384671847396 0 -0.724153408675777 0
0 0 0 0 0 0 0 0 0.727872868930464 0.833036180891575 0 1 0 0.616752287893409 0 0 0 0 0 0 0 0 0 0 0 0 0 0 0 0 0 0 0.643477551634716 0 0 0 0 0 0 0 0 0 0 0 0 0 0 0 0 0 0 0 0 0 0 0.60146530995805 0 0 0 0 0 0 0 0 0 0 0
0 0.690469749411626 0.81448553149247 0 0 0.824711819944039 0 0 0 0 0 0 1 0.691085905201959 0 0 0 0.838936101220033 0.681704036389698 0 0.802704705062196 0.646917599380406 0.616975303697278 0 0.855563619384315 0 0.627569472891518 0 0 0.746110192080188 0.843353251409003 0.759705603280234 0.675169854359856 0.6390129173938 0.761185083722997 0 0.662186299732957 0.723887523557544 0.865588222353031 0.781418154930146 0.804703581811853 0 0 0.749970433702293 0 0 0.746590704399743 0 0.760638601905042 0.752066796992098 0 0.808356451120432 0 0.745477277144275 0.8454990382596 0.623548588488102 0 0 0 0 0 0 0 0.608526908340696 0 0 0
0 0 0.657536892220273 0 0 0.709778585792822 0 0 0.640972245408079 0.731798057136306 0 0.616752287893409 0.691085905201959 1 0 0 0 0.631894713435889 0 0 0 0.634085442621693 0 0 0.737860197776952 0 0 0 0 0 0.667444782153306 0.600559740095186 0.630901338424852 0 0 0 0 0.643430162619244 0.703867643806342 0.628831415726632 0.649882689603206 0 0 0 0 0 0 0 0.697675467425035 0.644116347742082 0 0.615426108987285 0 0.698139053370011 0.711751066285021 0.696880528602997 0 0 0 0 0 0 0 0.615462159665109 0 0 0
0.645538962655756 0 0 0 0 0 0 0 0 0 0 0 0 0 1 0 0 0 0 0.630733356449599 0 0 0 0 0 0.62336765752089 0 0 0 0 0 0.618174892963038 0 0 0 0 0.616044430703308 0 0 0 0 0 0 0 0 0 0.612830747163295 0 0 0 0.724775593031419 0 0 0 0 0 0 0 0.607124666961162 0.601715191395667 0.632928945326673 0 0 0 0 0 0
0 0 0 0 0 0 0 0 0 0 -0.618456589020583 0 0 0 0 1 0 0 0 0 0 0 0 0 0 0 0 0 0 0 0 0 0 0 0 0.606581421692261 0 0 0 0 0 0 0.666893172691254 0 0 0 0 0.6234366223129 0 0 0 0 0 0 0 0 0 0 0 0.685659110745185 0.6124741332979 0 -0.692677915666885 0 0 0.736968148290583 0
0 0 0 0 0 0 0 0 0 0 0 0 0 0 0 0 1 0 0 0 0.613853557647887 0 0 0 0 0.660654819855511 0 0 0 0 0 0 0 0 0 0 0.691637291079138 0 0 0 0 0 0 0.662520353752289 0 0 0.656778712426455 0 0 0 0 0 0.622710100104427 0 0 0 0 0 0 0 0 0 0 0 0.691410132381735 0 0
0 0.659941170664829 0.86248260341486 0 0 0.848359582892632 0 0 0 0 0 0 0.838936101220033 0.631894713435889 0 0 0 1 0.824185786214783 0.663611208064559 0.749346925951011 0.602829520096893 0.698221537943903 0 0.839397772026752 0.705255801868252 0.750313388813496 0 0 0.758962481220501 0.82454921081972 0.766773181434405 0.74716884808245 0.753562133087081 0.819355593646356 0 0.67421201556499 0.642407500690875 0.809260355057121 0.816006396479794 0.803282177674203 0 0 0.84178118369911 0.604048065412939 0 0.806599643758675 0 0.723777699047557 0.653915013088482 0 0.733038919314598 0 0.838204229798099 0.90791082686984 0.650978098627758 0 0 0 0 0 0 0 0.695138206892673 0.676328645304946 0 0
0 0 0.782535101643192 0 0 0.814285202999632 0.613552506860567 0 0 0 0 0 0.681704036389698 0 0 0 0 0.824185786214783 1 0.667420768001398 0 0.719076649766906 0 0 0.78807621733154 0.655828620991572 0.681528485015268 0 0 0.747909261541219 0.749117799249086 0.78417976535674 0 0.780009710456251 0.811301921523151 0 0.640789522214211 0.64125764498987 0.676315029358218 0.780896640763221 0.704213218212085 0 0 0.776336791529536 0.602800170770499 0 0.717709844882346 0.663755432486993 0.602818885720487 0 0.604940312019622 0 0 0.877080482745449 0.830794408988807 0 0 0 0.651324324745565 0 0 0 0 0.688016250806395 0.647990654711925 0 0
0 0.617602371534158 0 0 0 0.665413622919248 0.696931884126246 0 0 0 0 0 0 0 0.630733356449599 0 0 0.663611208064559 0.667420768001398 1 0 0 0 0 0.613098144837201 0.734824723302462 0.759950581914019 0 0 0.643272682457244 0.751316798822909 0.674048306711237 0 0.707521938265658 0.609882489877603 0 0.732986431282695 0 0 0.628555946604959 0 0 0 0.745722083527996 0.642453464371308 0 0.732848342843601 0 0.651044518098297 0 0.720016571241846 0 0 0.718049692471652 0.677083588533896 0 0 0 0 0.692054656504185 0.727819566890694 0 0 0 0.750778043723127 0 0
0 0.784045821142291 0.686481552067301 0 0 0.745457484547273 0.603398232485149 0 0 0 0 0 0.802704705062196 0 0 0 0.613853557647887 0.749346925951011 0 0 1 0 0 0 0.76060757726723 0.674109924008237 0.627398793365483 0 0 0 0.774355031122025 0.685829203193098 0 0 0 0 0.711805880949252 0 0.779725215826369 0.66877998495125 0 0 0 0.777666282657071 0 0 0.794296137946953 0 0.72886904300409 0 0 0.626349383943454 0 0.712769341088742 0.739222686579981 0 0 0 0 0 0 0 0 0 0.723296483452487 0 0
0 0 0.612484227736985 0 0 0.73618531170325 0 0 0 0 0 0 0.646917599380406 0.634085442621693 0 0 0 0.602829520096893 0.719076649766906 0 0 1 0 0 0.709989149051185 0 0 0 0 0 0.712913645219079 0.636434823427559 0 0.621848900110304 0 0 0 0.640687305584746 0 0.646956330975327 0 0 0 0 0 0 0.615463147300598 0 0 0 0 0 0 0.748275411895423 0.647855599044627 0 0 0 0.71543676818459 0 0 0 0 0 0 0 0
0.601550874953434 0 0 0 0 0 0 0 0 0 0 0 0.616975303697278 0 0 0 0 0.698221537943903 0 0 0 0 1 0 0.607425334782011 0 0.708243204695641 0 0 0 0.625097934351171 0.648134811478014 0.685353155661566 0 0 0 0 0 0 0 0.604822649351672 0 0 0.61603854986074 0 0 0 0 0 0 0 0.619533259320855 0 0 0.623613274687686 0.616889206054461 0.63393862281876 0 0 0 0 0.603334310671087 0 0 0 0 0
0 0 0 0 0 0 0 0 0 0 0 0 0 0 0 0 0 0 0 0 0 0 0 1 0 0 0 0 0 0 0 0 0 0 0 0 0 0 0 0 0 0 0 0 0 0 0 0 0 0 0 0 0 0 0 0 0 0 0 0 0 0 0 0 0 0 0
0 0.784514422659255 0.808942064550879 0.646577025048452 0 0.860336875833686 0 0 0 0 0 0 0.855563619384315 0.737860197776952 0 0 0 0.839397772026752 0.78807621733154 0.613098144837201 0.76060757726723 0.709989149051185 0.607425334782011 0 1 0.651316837750565 0.7174075919241 0 0 0.746146274911189 0.837631865888219 0.808204552641368 0.655597409542421 0.676177609067844 0.724969924545885 0 0.670813600186395 0.621884906913997 0.76543616240496 0.809724454469156 0.74566117910487 0 0 0.83392205039479 0 0 0.745117870957036 0 0.779137200526988 0.644512736180264 0.621682205792713 0.722044348672848 0 0.830751781350564 0.831130717571744 0.672788448956882 0 0 0 0 0 0 0 0.683701459023659 0 0 0
0.706200238265293 0.629222644859537 0 0 0 0.612162914448241 0 0 0 0 -0.639808392615251 0 0 0 0.62336765752089 0 0.660654819855511 0.705255801868252 0.655828620991572 0.734824723302462 0.674109924008237 0 0 0 0.651316837750565 1 0.785667998110514 0 0.634112241555823 0 0.656236716861163 0.711322312049734 0 0.620108705486872 0 0.651259437129065 0.777697345488455 0 0 0.613656653760127 0 0.746215567129159 0.717020280706886 0.824038980987083 0 0 0.810605550060325 0.684882675956763 0.677598677854876 0 0.693011387038523 0 0 0.725784223346269 0.725707413890246 0 0.630643349813778 0 0 0.806171105080832 0.785383744070729 0 0 0.668143246003203 0.717386618597999 0 0
0 0.68391340043339 0.611259834008083 0.604396768112635 0 0.666079793717021 0 0 0 0 0 0 0.627569472891518 0 0 0 0 0.750313388813496 0.681528485015268 0.759950581914019 0.627398793365483 0 0.708243204695641 0 0.7174075919241 0.785667998110514 1 0 0 0 0.711577288881496 0.751674802012431 0.672445930033673 0.678817591798975 0 0 0.661626202093318 0 0 0.690783574734216 0 0.649668293215935 0 0.811161223579507 0.687021145939092 0 0.755843213727378 0.63286395145285 0.757826425495396 0 0.762097453399407 0.616722679590227 0 0.775638859669463 0.763156307219779 0.736060251247276 0 0 0 0.656352663928373 0.642841122168982 0 0 0.734596131747103 0.659851730108297 0 0
0 0 0 0 0 0 0.651248686123248 0 0 0 0 0 0 0 0 0 0 0 0 0 0 0 0 0 0 0 0 1 0 0 0 0 0 0 0 0 0 0 0 0 0 0 0 0 0 0 0 0 0 0 0 0 0 0 0 0 0 0 0 0 0 0 0 0 0 0 0
0.691567677975627 0 0 0 0.748198810090748 0 0 0 0 0 0 0 0 0 0 0 0 0 0 0 0 0 0 0 0 0.634112241555823 0 0 1 0 0 0 0 0 0 0.736628876953784 0 0 0 0 0 0.727367273697884 0.612114935375943 0 0 0 0 0 0 0 0 0 0 0 0 0 0.711499840081593 0 0 0.697807774507408 0.654441558130606 0 0 0 0 0 0
0 0 0.810348955623591 0 0 0.829078897154487 0 0 0 0 0 0 0.746110192080188 0 0 0 0 0.758962481220501 0.747909261541219 0.643272682457244 0 0 0 0 0.746146274911189 0 0 0 0 1 0.823107129446598 0.719824668509108 0 0.650773716878083 0.784391394052674 0 0.655048401183743 0.630160065741666 0.712314135357934 0.710047619200179 0.811568849503328 0 0 0.694975462277835 0 0 0.687913917440191 0 0.660924945798533 0 0 0.750485792169965 0 0.693139099658734 0.765746075731257 0 0 0 0 0 0 0 0 0 0 0 0
0 0.765297940255041 0.820657591999096 0 0 0.905577783705684 0.703129636817336 0 0 0 0 0 0.843353251409003 0.667444782153306 0 0 0 0.82454921081972 0.749117799249086 0.751316798822909 0.774355031122025 0.712913645219079 0.625097934351171 0 0.837631865888219 0.656236716861163 0.711577288881496 0 0 0.823107129446598 1 0.771567131162998 0.661842364831874 0.759960662012765 0.782662972409637 0 0.74980746722975 0.700860265423111 0.800812073244141 0.785067424151665 0.793201867497016 0 0 0.800543504643128 0.650642615930188 0 0.836787889670528 0 0.766214239192146 0 0.603777565633511 0.778874729110361 0 0.807104214310226 0.846948369839462 0 0 0 0 0 0 0 0 0.609432500235792 0.738086666003536 0 0
0 0.684505460810583 0.735257409795411 0 0 0.749755063107958 0 0 0 0 0 0 0.759705603280234 0.600559740095186 0.618174892963038 0 0 0.766773181434405 0.78417976535674 0.674048306711237 0.685829203193098 0.636434823427559 0.648134811478014 0 0.808204552641368 0.711322312049734 0.751674802012431 0 0 0.719824668509108 0.771567131162998 1 0 0.70097762649335 0.71632037553225 0 0.732931346609546 0.62178006345275 0.714831113861028 0.807570851577328 0.624992877501546 0 0 0.79754777085164 0.669252433653484 0 0.773542472891481 0 0.716842773220507 0 0.656422173881154 0.632617798400554 0 0.838405032851459 0.787862754847181 0 0 0 0 0 0 0 0 0.6631746058426 0.691266133380821 0 0
0 0 0 0 0 0.657886913604417 0 0.724633997971295 0.787527025558511 0.68943359108002 0 0.643477551634716 0.675169854359856 0.630901338424852 0 0 0 0.74716884808245 0 0 0 0 0.685353155661566 0 0.655597409542421 0 0.672445930033673 0 0 0 0.661842364831874 0 1 0 0 0 0 0 0.659249489490958 0 0.766163634034559 0.632553106399419 0 0.662483856668341 0 0 0.635984977396787 0 0.755535674686319 0 0 0.724989747740493 0 0 0.742727713809937 0.747177049684802 0 0 0 0 0 0 0 0.72852463252676 0 0 0
0 0 0.71429130275329 0 0 0.679614202129196 0 0 0 0 0 0 0.6390129173938 0 0 0 0 0.753562133087081 0.780009710456251 0.707521938265658 0 0.621848900110304 0 0 0.676177609067844 0.620108705486872 0.678817591798975 0 0 0.650773716878083 0.759960662012765 0.70097762649335 0 1 0.807868106377233 0 0.626956541822341 0.698843166928649 0.604368637692906 0.754602916894579 0 0 0 0.703293269917495 0.746678552420154 0 0.7155258601161 0 0 0 0 0 0 0.768105746575418 0.728451716622259 0 0 0 0 0 0 0 0 0 0.722084587955755 0 0
0 0 0.806968643249853 0 0 0.762771894392598 0 0 0 0 0 0 0.761185083722997 0 0 0 0 0.819355593646356 0.811301921523151 0.609882489877603 0 0 0 0 0.724969924545885 0 0 0 0 0.784391394052674 0.782662972409637 0.71632037553225 0 0.807868106377233 1 0 0.683770400892416 0.757308976378402 0.700398398361874 0.798372606059607 0.785920962770383 0 0 0.733095708989875 0 0 0.715366165601273 0 0 0 0 0.632202803837224 0 0.760942557495637 0.820765661318014 0 0 0 0 0 0 0 0 0 0.622907525930341 0 0
0.730573890929932 0 0 0 0.678795008963979 0 0 0 0 0 -0.644340058845874 0 0 0 0 0.606581421692261 0 0 0 0 0 0 0 0 0 0.651259437129065 0 0 0.736628876953784 0 0 0 0 0 0 1 0 0 0 0 0 0 0.739161312266595 0 0 0 0 0.637943929745546 0 0 0 0 0 0 0 0 0.649837226799607 0 0 0.795600362120922 0.730067558390927 0 0 0 0 0 0
0.633203474311734 0.66865603900474 0.612192050119574 0 0 0.667391426788179 0.620157177710005 0 0 0 -0.605299237575296 0 0.662186299732957 0 0.616044430703308 0 0.691637291079138 0.67421201556499 0.640789522214211 0.732986431282695 0.711805880949252 0 0 0 0.670813600186395 0.777697345488455 0.661626202093318 0 0 0.655048401183743 0.74980746722975 0.732931346609546 0 0.626956541822341 0.683770400892416 0 1 0 0.607252429593002 0.689959811510236 0.605912806688986 0.70322737766432 0 0.843351802152753 0 0 0.774783645633104 0 0.707044048926758 0 0.645095882078053 0.604279024290863 0 0.694862539078186 0.745706966771091 0 0 0 0 0.645781505881648 0.669346950643121 0 0 0 0.727046027478339 0 0
0 0 0.669611110882359 0 0 0.649114308047513 0 0 0 0 0 0 0.723887523557544 0.643430162619244 0 0 0 0.642407500690875 0.64125764498987 0 0 0.640687305584746 0 0 0.621884906913997 0 0 0 0 0.630160065741666 0.700860265423111 0.62178006345275 0 0.698843166928649 0.757308976378402 0 0 1 0.795328832404556 0.709110883841884 0.628487827460443 0 0 0 0 0 0.673994149564329 0 0 0 0 0 0 0.710878617934477 0.696334100655102 0 0 0 0 0 0 0 0 0 0 0 0
0 0 0.821645164689656 0 0 0.834715833726851 0 0 0 0.616216325519737 0 0 0.865588222353031 0.703867643806342 0 0 0 0.809260355057121 0.676315029358218 0 0.779725215826369 0 0 0 0.76543616240496 0 0 0 0 0.712314135357934 0.800812073244141 0.714831113861028 0.659249489490958 0.604368637692906 0.700398398361874 0 0.607252429593002 0.795328832404556 1 0.741145539297711 0.734099257109068 0 0 0.699704673274008 0 0 0.814022796595783 0 0.709108121722767 0.727312458519439 0 0.672057858341628 0 0.800991158857265 0.855300994918543 0 0 0 0 0 0 0 0 0.648973623024264 0 0 0
0 0.670012810948214 0.805003459447525 0 0 0.78272561943596 0 0 0 0 0 0 0.781418154930146 0.628831415726632 0 0 0 0.816006396479794 0.780896640763221 0.628555946604959 0.66877998495125 0.646956330975327 0 0 0.809724454469156 0.613656653760127 0.690783574734216 0 0 0.710047619200179 0.785067424151665 0.807570851577328 0 0.754602916894579 0.798372606059607 0 0.689959811510236 0.709110883841884 0.741145539297711 1 0.657584978205294 0 0 0.803013888498914 0.699086349285092 0 0.768274889612062 0 0.645758810268315 0 0.61566213215468 0 0 0.841762194981469 0.807793586637551 0 0 0 0 0 0 0 0 0 0.673035804203926 0 0
0 0 0.775944923476129 0 0 0.819247205115309 0 0.627867199710435 0.647881906902571 0 0 0 0.804703581811853 0.649882689603206 0 0 0 0.803282177674203 0.704213218212085 0 0 0 0.604822649351672 0 0.74566117910487 0 0 0 0 0.811568849503328 0.793201867497016 0.624992877501546 0.766163634034559 0 0.785920962770383 0 0.605912806688986 0.628487827460443 0.734099257109068 0.657584978205294 1 0 0 0.672566867674656 0 0 0.657975441134812 0 0.688839186481092 0 0 0.853739506224167 0 0.648026758145784 0.8226494307827 0.689752667594206 0 0 0 0 0 0 0 0.679611531984593 0 0 0
0 0 0 0 0 0 0 0 0 0 0 0 0 0 0 0 0 0 0 0 0 0 0 0 0 0.746215567129159 0.649668293215935 0 0.727367273697884 0 0 0 0.632553106399419 0 0 0 0.70322737766432 0 0 0 0 1 0 0.666290871480651 0 0 0.682042641348532 0 0.64952714453563 0 0 0 0 0 0.616955321335968 0 0 0 0 0.63482522600055 0.722310898198753 0 0 0.602601730867002 0 0 0
0.694182878213856 0 0 0 0 0 0 0 0 0 -0.773837458041176 0 0 0 0 0.666893172691254 0 0 0 0 0 0 0 0 0 0.717020280706886 0 0 0.612114935375943 0 0 0 0 0 0 0.739161312266595 0 0 0 0 0 0 1 0 0 0 0 0.779190239156916 0 0 0 0 0 0 0 0 0 0 0 0.846032278779005 0.731511926510984 0 -0.667233068817216 0.635818657071184 0 0.726329635343032 0
0.670012678342041 0.768057879316534 0.740204864389175 0.671146958531755 0 0.78136434824959 0 0 0 0 -0.641792267772267 0 0.749970433702293 0 0 0 0.662520353752289 0.84178118369911 0.776336791529536 0.745722083527996 0.777666282657071 0 0.61603854986074 0 0.83392205039479 0.824038980987083 0.811161223579507 0 0 0.694975462277835 0.800543504643128 0.79754777085164 0.662483856668341 0.703293269917495 0.733095708989875 0 0.843351802152753 0 0.699704673274008 0.803013888498914 0.672566867674656 0.666290871480651 0 1 0.614936402401493 0 0.805086544277715 0.671216760754848 0.801241322037488 0 0.689420456072002 0.62981508431429 0 0.830929451851039 0.851556305022514 0.609188808542451 0 0 0 0.665765831130702 0 0 0 0.727655575316892 0.701759668779463 0 0
0 0 0.618160312112897 0 0 0 0 0 0 0 0 0 0 0 0 0 0 0.604048065412939 0.602800170770499 0.642453464371308 0 0 0 0 0 0 0.687021145939092 0 0 0 0.650642615930188 0.669252433653484 0 0.746678552420154 0 0 0 0 0 0.699086349285092 0 0 0 0.614936402401493 1 0 0.647184710293003 0 0 0 0 0 0 0.732565838180669 0 0 0 0 0 0 0 0 0 0 0.69517212934355 0 0
0 0 0 0 0 0 0 0 0 0 0 0 0 0 0 0 0 0 0 0 0 0 0 0 0 0 0 0 0 0 0 0 0 0 0 0 0 0 0 0 0 0 0 0 0 1 0 0 0 0 0 0 0 0 0 0 0 0 0 0 0 0 0 0 0 0 0
0 0.704429022102772 0.747919060778245 0 0 0.800944120033524 0.639196956450485 0 0 0 0 0 0.746590704399743 0 0.612830747163295 0 0.656778712426455 0.806599643758675 0.717709844882346 0.732848342843601 0.794296137946953 0.615463147300598 0 0 0.745117870957036 0.810605550060325 0.755843213727378 0 0 0.687913917440191 0.836787889670528 0.773542472891481 0.635984977396787 0.7155258601161 0.715366165601273 0 0.774783645633104 0.673994149564329 0.814022796595783 0.768274889612062 0.657975441134812 0.682042641348532 0 0.805086544277715 0.647184710293003 0 1 0 0.753407372407299 0 0.617290287881393 0.664185922483477 0 0.860082331640462 0.879598113905575 0 0 0 0 0 0.633646718140873 0 0 0.674607701595638 0.763605141065582 0 0
0.704539873280202 0 0 0.691645339830898 0 0 0 0 0 0 -0.763855160631973 0 0 0 0 0.6234366223129 0 0 0.663755432486993 0 0 0 0 0 0 0.684882675956763 0.63286395145285 0 0 0 0 0 0 0 0 0.637943929745546 0 0 0 0 0 0 0.779190239156916 0.671216760754848 0 0 0 1 0 0 0.738778673200282 0 0 0.657311009254665 0 0 0 0 0 0.784964675778213 0 0 0 0.709430303612754 0 0.708928947202096 0
0 0.749360396473603 0.677261606173829 0.683989595133839 0 0.770285327625218 0 0.710377198101151 0.714722125634794 0.711908287813305 0 0 0.760638601905042 0.697675467425035 0 0 0 0.723777699047557 0.602818885720487 0.651044518098297 0.72886904300409 0 0 0 0.779137200526988 0.677598677854876 0.757826425495396 0 0 0.660924945798533 0.766214239192146 0.716842773220507 0.755535674686319 0 0 0 0.707044048926758 0 0.709108121722767 0.645758810268315 0.688839186481092 0.64952714453563 0 0.801241322037488 0 0 0.753407372407299 0 1 0 0.684257416106427 0.771987950865898 0 0.707099912583219 0.813062660282385 0.780845273426403 0 0 0 0 0 0 0 0.777286754424833 0 0 0
0 0 0.749309439565318 0 0 0.631439772819438 0 0 0 0.601756223477628 0 0 0.752066796992098 0.644116347742082 0 0 0 0.653915013088482 0 0 0 0 0 0 0.644512736180264 0 0 0 0 0 0 0 0 0 0 0 0 0 0.727312458519439 0 0 0 0 0 0 0 0 0 0 1 0 0.625605496078674 0 0 0.672966277271036 0 0 0 0 0 0 0 0 0 0 0 0
0.658817500681433 0.634651007932603 0 0.698239690081928 0 0 0 0 0 0 -0.618014735227243 0 0 0 0.724775593031419 0 0 0 0.604940312019622 0.720016571241846 0 0 0 0 0.621682205792713 0.693011387038523 0.762097453399407 0 0 0 0.603777565633511 0.656422173881154 0 0 0 0 0.645095882078053 0 0 0.61566213215468 0 0 0 0.689420456072002 0 0 0.617290287881393 0.738778673200282 0.684257416106427 0 1 0 0 0.654348896812392 0 0.602828775673433 0 0 0.616594333370252 0.668111533506463 0.646910604632146 0 0 0.626756332005112 0 0 0
0 0.63785752778279 0.69707911084949 0 0 0.781452706995265 0 0.602950285438357 0.647379024329937 0.659218298047036 0 0 0.808356451120432 0.615426108987285 0 0 0 0.733038919314598 0 0 0.626349383943454 0 0.619533259320855 0 0.722044348672848 0 0.616722679590227 0 0 0.750485792169965 0.778874729110361 0.632617798400554 0.724989747740493 0 0.632202803837224 0 0.604279024290863 0 0.672057858341628 0 0.853739506224167 0 0 0.62981508431429 0 0 0.664185922483477 0 0.771987950865898 0.625605496078674 0 1 0 0 0.77667482222781 0.71730563549731 0 0 0 0 0 0 0 0.609007510441586 0 0 0
0 0 0 0 0 0 0 0 0 0 0 0 0 0 0 0 0.622710100104427 0 0 0 0 0 0 0 0 0 0 0 0 0 0 0 0 0 0 0 0 0 0 0 0 0 0 0 0 0 0 0 0 0 0 0 1 0 0 0 0 0 0 0 0 0 0 0 0.699314146337234 0 0
0 0.663364139054171 0.806160989612047 0 0 0.84767042965363 0 0 0 0 0 0 0.745477277144275 0.698139053370011 0 0 0 0.838204229798099 0.877080482745449 0.718049692471652 0.712769341088742 0.748275411895423 0 0 0.830751781350564 0.725784223346269 0.775638859669463 0 0 0.693139099658734 0.807104214310226 0.838405032851459 0 0.768105746575418 0.760942557495637 0 0.694862539078186 0.710878617934477 0.800991158857265 0.841762194981469 0.648026758145784 0 0 0.830929451851039 0.732565838180669 0 0.860082331640462 0.657311009254665 0.707099912583219 0 0.654348896812392 0 0 1 0.886989685168817 0.623105261479325 0 0 0 0 0 0 0 0.724299913279318 0.73120069979744 0 0
0 0.655759254878715 0.861037565080105 0 0 0.877951593050549 0 0 0.61797673517885 0 0 0 0.8454990382596 0.711751066285021 0 0 0 0.90791082686984 0.830794408988807 0.677083588533896 0.739222686579981 0.647855599044627 0.623613274687686 0 0.831130717571744 0.725707413890246 0.763156307219779 0 0 0.765746075731257 0.846948369839462 0.787862754847181 0.742727713809937 0.728451716622259 0.820765661318014 0 0.745706966771091 0.696334100655102 0.855300994918543 0.807793586637551 0.8226494307827 0.616955321335968 0 0.851556305022514 0 0 0.879598113905575 0 0.813062660282385 0.672966277271036 0 0.77667482222781 0 0.886989685168817 1 0.734093179735663 0 0 0 0 0 0 0 0.759935285872667 0.644469652678725 0 0
0 0 0.647510289266611 0.607521346664371 0 0.680591505852215 0 0.740341558452337 0.744211788882309 0.752581376154097 0 0.60146530995805 0.623548588488102 0.696880528602997 0 0 0 0.650978098627758 0 0 0 0 0.616889206054461 0 0.672788448956882 0 0.736060251247276 0 0 0 0 0 0.747177049684802 0 0 0 0 0 0 0 0.689752667594206 0 0 0.609188808542451 0 0 0 0 0.780845273426403 0 0.602828775673433 0.71730563549731 0 0.623105261479325 0.734093179735663 1 0 0 0 0 0 0 0 0.757061281295155 0 0 0
0.771929216510911 0 0 0 0.671720125199708 0 0 0 0 0 0 0 0 0 0 0 0 0 0 0 0 0 0.63393862281876 0 0 0.630643349813778 0 0 0.711499840081593 0 0 0 0 0 0 0.649837226799607 0 0 0 0 0 0 0 0 0 0 0 0 0 0 0 0 0 0 0 0 1 0 0 0.631421084171218 0 0.603092815507858 0 0 0 0 0
0 0 0 0 0 0 0 0 0 0 0 0 0 0 0 0 0 0 0 0 0 0 0 0 0 0 0 0 0 0 0 0 0 0 0 0 0 0 0 0 0 0 0 0 0 0 0 0 0 0 0 0 0 0 0 0 0 1 0 0 0 0 0 0 0 0 0
0 0 0 0 0 0 0 0 0 0 0 0 0 0 0.607124666961162 0 0 0 0.651324324745565 0 0 0.71543676818459 0 0 0 0 0 0 0 0 0 0 0 0 0 0 0 0 0 0 0 0 0 0 0 0 0 0 0 0 0.616594333370252 0 0 0 0 0 0 0 1 0 0 0 0 0 0 0 0
0.795455260019182 0 0 0 0.615463323637645 0 0 0 0 0 -0.780826786180959 0 0 0 0.601715191395667 0.685659110745185 0 0 0 0.692054656504185 0 0 0 0 0 0.806171105080832 0.656352663928373 0 0.697807774507408 0 0 0 0 0 0 0.795600362120922 0.645781505881648 0 0 0 0 0.63482522600055 0.846032278779005 0.665765831130702 0 0 0 0.784964675778213 0 0 0.668111533506463 0 0 0 0 0 0.631421084171218 0 0 1 0.795524693367974 0 -0.652157522133987 0.614786550531713 0 0.708196742090263 0
0.600829045072899 0 0 0 0.614550655604384 0 0 0 0 0 -0.651395454572248 0 0 0 0.632928945326673 0.6124741332979 0 0 0 0.727819566890694 0 0 0 0 0 0.785383744070729 0.642841122168982 0 0.654441558130606 0 0 0 0 0 0 0.730067558390927 0.669346950643121 0 0 0 0 0.722310898198753 0.731511926510984 0 0 0 0.633646718140873 0 0 0 0.646910604632146 0 0 0 0 0 0 0 0 0.795524693367974 1 0 0 0 0.647984402085667 0 0
0 0 0 0 0 0 0 0 0 0 0 0 0 0 0 0 0 0 0 0 0 0 0.603334310671087 0 0 0 0 0 0 0 0 0 0 0 0 0 0 0 0 0 0 0 0 0 0 0 0 0 0 0 0 0 0 0 0 0 0.603092815507858 0 0 0 0 1 0 0 0 0 0
0 0 0 0 0 0 0 0 0 0 0.662069694030701 0 0 0 0 -0.692677915666885 0 0 0 0 0 0 0 0 0 0 0 0 0 0 0 0 0 0 0 0 0 0 0 0 0 0 -0.667233068817216 0 0 0 0 0 0 0 0 0 0 0 0 0 0 0 0 -0.652157522133987 0 0 1 0 0 -0.696192547667779 0.628179585379846
0.622865405884008 0 0 0.68594445423054 0 0.673407015243186 0 0.777448582900512 0.750229007770878 0.667807615943363 -0.627384671847396 0 0.608526908340696 0.615462159665109 0 0 0 0.695138206892673 0.688016250806395 0 0 0 0 0 0.683701459023659 0.668143246003203 0.734596131747103 0 0 0 0.609432500235792 0.6631746058426 0.72852463252676 0 0 0 0 0 0.648973623024264 0 0.679611531984593 0.602601730867002 0.635818657071184 0.727655575316892 0 0 0.674607701595638 0.709430303612754 0.777286754424833 0 0.626756332005112 0.609007510441586 0 0.724299913279318 0.759935285872667 0.757061281295155 0 0 0 0.614786550531713 0 0 0 1 0 0 0
0 0.621599966649911 0 0 0 0.647950229196971 0.827942235785318 0 0 0 0 0 0 0 0 0 0.691410132381735 0.676328645304946 0.647990654711925 0.750778043723127 0.723296483452487 0 0 0 0 0.717386618597999 0.659851730108297 0 0 0 0.738086666003536 0.691266133380821 0 0.722084587955755 0.622907525930341 0 0.727046027478339 0 0 0.673035804203926 0 0 0 0.701759668779463 0.69517212934355 0 0.763605141065582 0 0 0 0 0 0.699314146337234 0.73120069979744 0.644469652678725 0 0 0 0 0 0.647984402085667 0 0 0 1 0 0
0 0 0 0 0 0 0 0 0 0 -0.724153408675777 0 0 0 0 0.736968148290583 0 0 0 0 0 0 0 0 0 0 0 0 0 0 0 0 0 0 0 0 0 0 0 0 0 0 0.726329635343032 0 0 0 0 0.708928947202096 0 0 0 0 0 0 0 0 0 0 0 0.708196742090263 0 0 -0.696192547667779 0 0 1 0
0 0 0 0 0 0 0 0 0 0 0 0 0 0 0 0 0 0 0 0 0 0 0 0 0 0 0 0 0 0 0 0 0 0 0 0 0 0 0 0 0 0 0 0 0 0 0 0 0 0 0 0 0 0 0 0 0 0 0 0 0 0 0.628179585379846 0 0 0 1
