1 0 0 0 0 0 0.000966874676033902 0 0 0.0162615276221608 0 0 0 0 0.0649971919653967 0.031617971015762 -0.237895295545909 0 0 0.066143967142414 0.131397537035329 0.096232190711261 0 0 0.256301409948172 0 0 0 0 0.0725407138310771 -0.0288398732548458 0 0 0.0353155379074311 0.0342502031797191 0.171918918703704 0.107794456605054 0.131854410724649 0 0.0097253986733804 0.205029648845309 0 0 0 0 0 0 0 0.0196850826456423 0 0 0 0 0 0 0.122769749764269 0 0 0 0 0 0 0 0 0 0 0 0 0 0 0 0 0 0 0 0 0 0 0.0340713975926549 0 0 0 0 0 0 0 0 0 0 0.0359746101353758 0 0 0 0 0.0393015791041719 0 0.0514972984455374 0.162917789074433 0 0 0.0231694082369878 0 0 0 0 0.000374260002029725 0 0 0.132123427696554 0.165734979419205 0.0217950771282326 0 0 0.117685940973585 0 0 0 0 0 0 0 0 0 0.128408964017759 0.0855156173438133 0 0 0 0 0 0 0 0.059080402416313 0 0 0 0.0398662520787808 0 0 0 0 0 0 0 0 0 0 0 0 0 0.115749223216632 0 0 0.0232713570582921 0 0.116270103929263 0.0504804023256444 -0.280699993446147 0 0 -0.117679054652402 0.167221904640082 0 0 0 0.0436208621767452 0.0348834312194724 0.0321485940280291 0 0 0 0 0 0 0 0 0 0 0 0.196061063369639 0 0 0 0 0.00959884894333984 0 0.00420540139776499 0.0265172323253036 0.0825727804285703 0 -0.0354519328291453 -0.149271920495298 -0.138631074708635 -0.133781716635674 -0.147002313980075 -0.124880681820794 -0.155227485699016 -0.139604641936669 -0.164136141591968 -0.13119831288348
0 1 0.0809627051810698 0 0.00885674390930574 0 0 0 0 0 0 0 0 0 0 0 -0.0929801876691574 0 0 0 0 0 0 0 0 0.011417117011912 0 0 0 0 0 0.0550568525939328 0 0 0 0 0 0 0 0 0 0 0 0 0 0 0 0 0 0 0 0 0 0 0 0 0 0 0.0402246450459617 0 0 0 0 0 0 0 0 0 0 0 0 0 0 0.0839142727929617 0.0224994474215854 0 0 0 0 0 0 0.0442320431999023 0 0 0 0 0 0 0 0 0.0318549470039293 0 0 0 0 0.0366379620004277 0 0 0 0 0 0.017575841453118 0 0 0 0 0 0 0 0 0 0 0 0 0.0230924120974736 0 0 0 0 0 0 0 0 0 0 0 0 0 0 0 0 0 0 0 0 0 0 0 0 0 0.0994122501146829 0 0 0 0 0 0 0 0 0 0 0 0.0644933952312662 0 0 0 0 -0.0451936705784735 0.103555965936824 0 0 0 0 0.0809263103338542 0 0 0 0 0 0.029420666634656 0 0 0 0 0 0 0.00613901548988666 0 0 0 0 0 0 0 0 0 0 0 0 0 0 0 0 0 0 0 0 0 0 0
0 0.0809627051810698 1 0 0.0426927940543041 0.0324736058948687 0 0 0 0 0 0 0 0 0 0 -0.150295969765794 0 0 0 0 0.0761597256276614 0.0598125693869067 0 0 0.226316252422602 0 0 0 0 -0.121252066387096 0.257381210394369 0 0 0 0 0 0 0.0301714766876128 0 0.0797429453556961 0 0 0 0 0 0 0 0 0 0.036786857060927 0 0 0 0 0.0720333590739124 0 0 0 0 0 0 0 0 0 0 0 0 0 0 0.0233763131648758 0 0.0853288224208936 0.0577218878207612 0 0 0 0 0 0 0 0 0 0 0 0 0 0 0 0 0.0585690545404909 0 0 0.0333088446947137 0 0.194532860745231 0.172091186671329 0 0 0 0 0.0389759910162786 0 0.135861947893896 0 0.131723276419369 0 0.0771900673517826 0 0 0.0899656679149476 0 0 0.103671156836978 0.0536546960954747 0 0 0 0.0543541502824433 0 0 0 0 0 0 0.0320705789733892 0 0 0.239148660244267 0 0 0 0.201420177892821 0 0 0 0 0 0 0 0.123570642003494 0 0 0 0 0 0 0 0 0 0.0422463796717452 0.034348817933164 0 0 0 0 0 -0.129208368047157 0.014823636373277 0 0 0.0228101961178583 0 0.157100852365788 0.0505984207535013 0 0 0.128582873763349 0 0.161091052616353 0 0 0 0 0 0 0.0809629107716055 0 0 0.130717086560647 -0.122451433704238 0 0 0 0 0 0 0 0 0 0 -0.0204064437685286 -0.0219338222602183 -0.0287979365910791 0 -0.0116566664772296 -0.0379829279811566 -0.0373628975638792 -0.0346972471065319 0
0 0 0 1 0.0531117423967192 0.23627593399628 0 0 0 0 0 0.10434516558302 0.227463550166056 0 0 0 -0.104828097183646 0 0.106940224378346 0.173265715065281 0.0992678388730717 0 0.0400792717702858 0 0 0 0 0.00675702933442918 0 0.0318322522212051 0 0.00513907283631188 0.180965105163651 0 0.0846053156284858 0 0 0 0.0360406812754877 0 0 0.0819249185933262 0 0.207362413426832 0.208636216230992 0 0 0 0 0.189836463774377 0 0 0.179317747786503 0 0.136301752294433 0.0300437141287012 0.18644594821309 0.0947055082584749 0.163493949064833 0 0.102460307302514 0 0 0 0 0 0 0 0 0.168265925927072 0.07987306373068 0 0.110166958096806 0 0.0167911682874925 0 0 0 0 0 0 0.123382637824199 0 0 0.155611863196015 0 0 0.00428764895213662 0 0.0522393236988636 0.262635350940469 0 0 0.0473613173582528 0 0.0482478980443422 0 0 0.21789144424355 0.0420137703812462 0.0836208389313428 0 0 0 0 0.0273366705967998 0 0 0 0 0.120985060678879 0 0 0 0 0 0 0 0 0 0.019033807694269 0.14584830475545 0 0.013304426477509 0 0 0 0.0142210168161144 0 0 0 0 0.0786954794063117 0.262986279948823 0.0550572991453929 0.0469610107489543 0 0 0 0 0.145316142852046 0.0370951971880666 0 0 0 0 0.0994288254547155 0.193278266421988 0 0.0812994334033983 0.0145668641348877 0.239340204564876 0.0275727082333337 0 0.00232993284150651 0 0 -0.0963563407196736 0 0 -0.0250894522125501 0.03665105238865 0 0.16655026778707 0.00630003683805191 0 0 0 0 0 0 0 0 0 0.320937517361421 0.0974533447121089 0.0450140221622181 0 0 0 0 0 0.0429036343176784 0 0 0 0.0223253260800936 0 0 0 0 0 0 0 0 0 0 0 0 0
0 0.00885674390930574 0.0426927940543041 0.0531117423967192 1 0.12584878416158 0 0 0 0 0.0626956188428832 0 0.273713033154653 0 0 0 -0.0789440359082685 0 0 0.0612982617137863 0.105044612185616 0 0.0785169387281385 0 0 0.0182777724732464 0 0.132178752346703 0 0 0 0 0.108949222992601 0 0 0 0 0 0.0477109533880346 0 0 0 0 0.0672692738387621 0.0436886094084936 0 0 0 0 0 0 0 0.157824029798093 0 0 0 0.131466819201651 0 0 0 0 0 0 0 0 0 0 0 0 0.0527810931547189 0.0623323023576815 0 0 0.00673057472059663 0.0838758571315267 0 0 0 0 0 0 0 0 0 0.00558892777926795 0 0 0.0604435970851571 0 0.038238468087815 0.230156492116426 0 0 0.0429136224810965 0 0.0286584987211891 0.000692366327229077 0 0.0702947269029143 0 0 0 0 0 0 0.15707369714182 0 0.0892884780937107 0 0 0.197858257278588 0 0 0 0 0 0 0 0 0 0 0.0615122870355737 0.00868951759691655 0 0 0 0 0 0 0 0 0 0.103285329514461 0.180738190575038 0 0 0 0 0 0 0.086377220658162 0.132407110716208 0 0 0 0 0.00387783752658677 0.126792546009924 0.0318382187505318 0.0224958069245538 0.171130601653062 0.0995536126576742 0.0664129818078114 0 0 0 0 -0.14126998883847 0 0 -0.0438534538802939 0 0 0.185437396236261 0 0 0 0 0 0.00608841946716321 0 0 0 0 0.0373067427759952 0 0.0029614326342558 0 0 0 0 0 0 0 0 0 0 0 0 0 0 -0.0215286254634233 0 -0.00828093582795997 0 0 0 0 0 0
0 0 0.0324736058948687 0.23627593399628 0.12584878416158 1 0 0 0 0.0924343826695765 0 0 0.174673154109327 0 0 0 -0.0335203868590839 0 0.0378819348286288 0 0.163400787539002 0 0.0426134517346591 0 0.131758841856804 0.117615066537522 0.127481482928843 0 0 0 0 0 0.0333792636413562 0.0299470329804345 0.0911480802357071 0 0 0 0.0417619071210917 0 0 0.15741465569515 0 0.122797260511305 0.145515125305921 0 0 0 0 0.349342393873001 0.0570501464822108 0.0392467371519206 0.147343549568166 0 0.151357353618362 0 0.0558807601423542 0 0.0878605021348234 0 0.12671023999963 0 0.0164655679879315 0 0.0514203217312246 0 0 0 0 0.0442345035954574 0.0778499084309886 0 0.186391825445375 0 0 0 0 0 0 0 0 0.00696297595099932 0 0 0 0 0.00943144468745638 0.019500419198569 0 0 0.256380558017529 0 0.0654428627938665 0.0276375506905015 0.086620757612529 0.0868566965922976 0 0 0.232546297945738 0.0974528153886843 0.0622209485340742 0.0160455863441447 0 0.0334693891444769 0 0.0816135571404307 0.0649935437836517 0 0 0 0.229797543842308 0.0819941607796742 0 0.0569891639961748 0 0 0.058752250353923 0 0 0 0.125450052147043 0.0264369674952083 0 0.17255857456483 0.0182105102025791 0 0 0.116499490452801 0 0 0 0 0.282584209349282 0.215891136652863 0 0.0361771327088749 0.0327670578717585 0 0 0 0.173817012239521 0.155865770640604 0 0 0 0 0.120725606448675 0.169526296646269 0.0227976203848038 0.173878763890511 0.0625277870927673 0.139807505824714 0 0 0 0 0 -0.0951310095494555 0 0 0 0.136787895526075 0 0.281771409088623 0.222806769227336 0 0.0123721986327089 0.0677321422427297 0 0.0418653539314121 0 0 0 0 0.111269288575165 0.127516962394641 0.134309739643914 0 0 0.00560831423880187 0 0.0784758943383936 0 0 0 0 0.102557566517948 0 0 0 0 -0.0177913147623767 0 0 0 0 0 0 0 0
0.000966874676033902 0 0 0 0 0 1 0.244895360148655 0.0648010419378769 0.091811497859555 0 0 0 0 0.0491654430135122 0 0 0 0 0 0 0 0 0 0.0196145371368922 0 0.11245104467302 0 0 0.103289667591454 0 0 0 0 0 0 0.245414937290644 0.0355256862063171 0 0 0.00382112884484642 0 0 0 0 0 0 0 0 0 0 0 0 -0.0513840298638085 0 0 0 0 0 0 0 0.088696995893032 0.225140348012988 0.00110635636263551 0 0.0204996187730255 0.020278549702297 0.139969440516028 0 0 0 0 0 0 -0.116066783601889 0 0 0 0.212625001266638 0 0 0 0 0 0 0 0.289804446485056 0 0 0 0 0 0 0 0 0 0 0.172818610033367 0 0.0920830245483197 0.015270313038077 0 0 0 0 0 0.152534611276948 0 0 0.0685247912330741 0 0.241171277597733 0 0 0 0 0.212501569898966 0 0 0 0.138613036202474 0 0 0.0426584734589024 0.121967139113866 0 0 0.181802409626229 0 0 -0.121247149777643 0 0 0 0 0 0.0537641060824431 0 0 0 0 0 0 0 0 0 0 0 0 0 0 0 0 0.172679137032558 0 0.161537450708565 0 0 -0.0564939928429613 0 0 0.11092720170611 0 0 0 0 0 0 0 0 0.207315119630419 0 0 0 0 0 0 0 0 0 0 0.0524262910396563 0 0 0 0 0.0684621711883422 0 0 0 0 0 0 0 0 0 0 0 0 0
0 0 0 0 0 0 0.244895360148655 1 0.085052706140588 0.00727604969351847 0 0 0 0 0 0 0 0 0 0 0 0 0 0 0 0 0.0169875423900334 0 0 0.170483612716985 0 0 0 0 0.0543805707862283 0 0.150249440228273 0 0 0.12089120031757 0 0 0 0.0141407388572998 0.0252144353755738 0 0 0 0 0 0 0 0 0 0.0673605634861958 0 0 0.0931282208276071 0 0 0 0 0.0531881772511228 0 0 0.201005060105529 0 0.00767655990048527 0 0 0 0.0163780184262085 0.0291266452809169 0 0 0 0.0797649762481137 0 0 0 0 0 0 0 0 0 0.227710567864651 0.00475091013142537 0 0 0 0 0 0 0 0 0 0.0678213615060783 0.0279063512736654 0.0942507033789358 0.159679532568681 0 0 0.0165034697173558 0 0 0.0460682460416326 0 0 0 0 0.268710671948419 0 0 0 0 0.155113331452129 0 0 0 0.132631734979466 0 0 0 0.0983861467028928 0 0 0.279767661556555 0 0 0 0 0 0 0 0 0 0.0133865485470774 0 0.11133746345756 0 0 0 0 0 0 0 0 0 0.0240179464506933 0 0 0 0.0816785255287213 0.0179108957867946 0 0 0 0 0 0 0.0331353743041066 0 0 0.129065388161097 0 0 0 0 0 0.140091678657451 0 0 0 0 0 0.0356484043632938 0 0 0 0 0 0.115618039210578 0 0 0 0.124105691466912 0 0 0 0 0 0 0 0 0 0 0 0 0
0 0 0 0 0 0 0.0648010419378769 0.085052706140588 1 0.113715590716252 0.0459544781990279 0 0 0 0.0977080306319569 0 0 0 0 0 0 0 0 0 0.0448759744005811 0 0.0307792214376985 0 0 0 0 0 0 0 0 0.0208492536695039 0.176741408317442 0 0 0 0 0 0.212484108133667 0 0 0 0 0 0 0 0 0.219385310925031 0 0 0.0152985659590314 0 0 0.017056897581563 0 0 0 0.143476196139789 0.1347879903131 0.0851871530830113 0 0 0.127460189479257 0.0347231745988231 0.125418472660506 0 0 0.0179625828180647 0 0 0 0 0 0 0.0927782487671708 0 0 0 0 0 0 0 0.13044725158858 0 0 0 0 0 0.0098065396066041 0 0 0 0 0.00602774095695252 0 0.0130096015101915 0 0 0 0 0 0 0.149561187252242 0 0 0 0 0 0 0 0 0 0.0698109440558483 0 0 0 0 0 0 0 0.178812487055308 0 0 0.0954852375423816 0 0 -0.0516360357768599 0 0 0 0 0 0 0 0 0 0 0 0 0 0 0 0 0 0 0.142693978862242 0 0 0 0.164793250040563 0 0 0 0 0 0 0 0 0 0 0 0 0 0 0 0 0 0 0.0683412523281413 0 0 0 0 0 0 0 0 0 0 0 0 0 0.0586651118205985 0 0 0.0259118207962483 0 0 0 0 0 0 0 0 0 0
0.0162615276221608 0 0 0 0 0.0924343826695765 0.091811497859555 0.00727604969351847 0.113715590716252 1 0.0393552482823331 0 0.0272458063706704 0 0.141617676269555 0.0805341828876476 0 0 0 0 0.0981513862736192 0.000498121777048666 0 0 0.178750059174613 0 0.226455337040638 0 0 0.0763511565097703 0 0 0 0.13834123639319 0.125552371449489 0.148538065722803 0.068388627844824 0 0 0 0.11749508803351 0 0 0.00706385877398386 0.132915642627768 0 0 0 0 0 0 0 0 0 0.000630584351391961 0.00632479023661442 0 0 0 0 0 0 0.23007246849579 0.0612035367756608 0 0.0592044306953803 0.034090537442994 0.136313969220923 0 0.0777504638422517 0 0 0.0389527629182883 0 0 0 0 0 0.0620611859933324 0 0 0 0 0 0 0 0.14681146258033 0.0362434268460143 0 0 0.0257524138830053 0 0.0479223353377012 0 0.075433549984078 0 0.0591968661792543 0.223923272376228 0.125778587714119 0.0991720911307919 0.0462250469003628 0 0 0 0 0.105340648285386 0.287237911447614 0 0.0488673243043652 0.048613608539978 0.126435192581778 0.100067833119548 0 0.0431142945266848 0 0 0.195577267684527 0 0 0 0.02704989219826 0 0 0.163166510222095 0.228064737813951 0 0 0.0952525653758817 0 0 0 0 0.197227197157405 0 0 0 0.143558582414436 0 0 0 0 0.00425374837903825 0 0.0457133349796296 0 0 0 0.0150081180800924 0 0.104412763585227 0.054489599108667 0 0 0.141603003755277 0 0.0189098813591014 0 -0.121548391025712 0 0 -0.0338431554751933 0.207999723543698 0 0 0.153099023310262 0 0 0 0 0 0.0324018579777075 0 0 0 0 0 0 0 0 0.0361810181112281 0 0.0995263585991679 0 0 0 0 0.1804412851419 0 0 0 0 -0.0419654005622968 -0.0225303533751748 0 0 0 0 0 0 -0.00344061447860433
0 0 0 0 0.0626956188428832 0 0 0 0.0459544781990279 0.0393552482823331 1 0 0.212271325346415 0 0 0.181252749623906 0 0 0 0.106801420217364 0.113495608326282 0 0 0 0 0 0 0.0929384055391384 0 0.115431128845902 0 0 0 0.118638341432279 0.128878945744046 0.137792126489287 0.065516712521048 0.0440809444255565 0 0.284221208756601 0.0647016269243856 0 0 0.0652343821680954 0.204845296570695 0 0 0 0.0957263670233599 0 0 0 0 0 0.00991695882352162 0.0906409573966046 0 0.265870190287652 0 0.130155358547078 0 0 0.037304391642435 0.269208566752542 0 0 0 0 0.0747910555777102 0.160590328717611 0 0.0344371815274033 0 0 0 0 0 0.0134034177112829 0.0390819902147945 0 0.058629486550494 0 0 0.0443918702406982 0 0 0.0822440088422499 0.181883799296467 0 0 0 0 0 0 0 0 0 0.0627608981688376 0.0885563526830956 0.0487566011008249 0.0811048450445618 0 0 0 0 0.155530385601876 0.0250825901857532 0.00588393439843765 0 0 0.111945718545058 0 0 0 0 0.0490164470442168 0 0 0 0 0 0.131114097277415 0.0469502593239339 0 0.272076855919908 0 0 0.00639194933719034 0 0 0 0 0.0403105393033617 0 0 0 0 0 0 0 0 0 0 0 0 0 0 0.223692090543142 0 0 0.233680897344665 0 0 0.0979210198070491 0.107568100032535 0 0 0 0 0 0 0.144238846127626 0 0 0 0 0 0 0 0 0 0 0 0 0.0471579002782068 0 0 0 0 0.0843564673367662 -0.0239408884696853 0 0 0 0 0 0.157554544673535 0.0488545805687003 0 0 0 0 0 0 0 0 0 0 0 0
0 0 0 0.10434516558302 0 0 0 0 0 0 0 1 0 0 0 0 -0.0207482344205524 0.0555824763862921 0 0 0 0 0.075170578296183 0 0 0 0 0.0900358855084967 0 0 0 0.0544998567172317 0.190433083873027 0 0 0 0 0 0.229386572310531 0 0 0 0 0.0490931216170667 0 0 0 -0.0152558550335647 0 0 0.16290870948804 0 0.0489898117404003 0.0785946894817096 0 0 0.158073092719548 0 0.287897566737066 0 0 -0.0573884900673968 -0.00329919683110014 0 0 0 -0.0287321545333564 0 0 0 0.0537988048309929 0 0 0.215755937268605 0.186911304224718 0 0.0324725379649471 0.0605938292429125 -0.0287789397329366 0 0.0792203763655894 0.193013298142783 0 0 0 0 0 0 0 0.189622031612301 0 0 0 0 0 0.156441907383223 0 0 0 0 0 0 0 0.0291750401250302 0 0 0 0 0 -0.0266023709201879 0 0 0.0677120820068518 0 0 0 0 0 0.206058638939118 0 0 0 0 0 0 0 0 0 0 0 0.162946695294846 0 0 0.121888562394386 0.240765543404295 0.0152187652737298 -0.0701353178961272 0 0 0 0.232682131423011 0 0 0 0.0499315434635139 0 0.0479281655119669 0 0 0 0 0.13517102976041 0.236619664663244 0 0 -0.0499637103451169 0 0 0.151057545839722 0.187079723654298 0 0 0 0.0220238068239818 0 0 0 0 0 0.157529920167117 0 0 -0.0536455710426537 0 0.0206078342373004 0.235227068565615 0 0 0 0 0 0 0 0 0 0 0 0 0 0 0.0235562222682743 0 0 0 0 0 0 0 0 0
0 0 0 0.227463550166056 0.273713033154653 0.174673154109327 0 0 0 0.0272458063706704 0.212271325346415 0 1 0 0 0.173424101691594 -0.126062758920316 0 0.155969640942987 0.247263308813794 0.173817618996162 0.064099986216286 0.040500740475144 0 0.0522870285276438 0 0 0.0793480719518103 0 0.135498686824179 0 0 0.138230027853967 0.178491587203376 0.192334360726068 0.0425351972906644 0 0 0 0.0640354436502656 0.0711715044236136 0 0 0.16933140644938 0.280062305660469 0 0 0 0 0.0296436730998518 0 0 0.188522106167626 0 0.0701894159482514 0.0884168916491294 0.208368788005534 0.23883381430886 0 0 0 0 0 0.195900533844703 0 0 0 0 0.0361550217123385 0.20378767790485 0.0136090836485062 0 0.0699746804917358 0 0 0 0.0164334555835177 0.0239758408471274 0 0 0 0.0759082990645818 0 0 0.148064786944529 0 0 0.210574880516821 0 0.13249829271101 0.246582288520976 0 0.0167675405733624 0.0193837083649698 0 0 0.0273423546162112 0.043666491273846 0.280000165480445 0.144616608379143 0.131622428292867 0 0 0 0 0.201535817542328 0 0.0647315505638094 0.0362540463532439 0 0.240179796505966 0 0 0 0 0 0 0 0 0 0 0.168406196142563 0.0235405241645827 0 0.182820799409372 0 0 0.0546413320856548 0 0 0 0 0.196237251010283 0.179381635450093 0 0 0 0 0 0 0 0.186273785869684 0 0.0725323402545529 0 0 0.126535517470038 0.24069615216625 0.1008640823674 0.0928741190855731 0.309572890216623 0.153031380504179 0 0.0930412506525229 0.0402744795573176 0 0 -0.169127755496824 0 0 -0.0940508264331836 0.203276100402263 0 0.199169225355467 0 0.0115706480190588 0 0 0 0 0 0 0 0 0.214544297372943 0 0.0278984643853868 0 0 0.103721826868196 0 0 0 0 0 0 0.132144665616974 0 0 0 0 -0.0459322333488213 0 -0.0450095013372768 0 0 -0.0167375273439875 0 0 0
0 0 0 0 0 0 0 0 0 0 0 0 0 1 0 0 0 0 0 0 0 0 0 0 0 0 0 0 0 0 0 0.107001696962475 0 0 0 0 0 0 0 0 0 0 0 0 0 0 0 0 0 0 0 0 0 0 0 0 0 0 0 0 0 0 0 0 0 0 0 0 0 0 0 0 0 0 0 0 0 0 0 0 0 0 0 0 0 0 0 0 0 0 0 0 0 0 0 0 0 0 0 0 0 0 0 0 0 0 0 0 0 0 0 0 0 0 0 0 0 0 0.126733453523205 0 0 0 0 0 0 0 0 0 0 0 0 0 0 0 0 0 0 0 0 0 0 0 0 0 0 0 0 0 0 0 0 0 0 0 0 0 0 0 0.0609259516516102 0 0 0 0 0 0 0 0 0 0 0 0 0 0 0 0 0 0 0 0 0 0 0 0 0 0 0 0 0 0 0 0 0 0 0 0 0 0 0 0 0
0.0649971919653967 0 0 0 0 0 0.0491654430135122 0 0.0977080306319569 0.141617676269555 0 0 0 0 1 0.0383610126687294 0 0 0 0 0.0732992912953991 0 0 0 0.237932243696539 0 0.084750236457405 0 0 0 0 0 0 0.132223682637037 0.0125363544410146 0.246112691890528 0.163558938908442 0 0 0 0.00660687799115683 0 0 0 0 0 0 0 0 0 0 0 0 -0.0871796754102842 0 0 0 0 0 0 0 0.127528362310462 0.219089059088569 0.135809148946674 0 0 0.134210613177959 0.163020163331579 0.0849990860667559 0 0 0 0 0 0 0 0 0 0.226818613660518 0 0 0 0 0 0 0 0.0574015981849872 0 0 0 0 0.0338793937022321 0.180185034545722 0 0.0205098768769559 0 0 0.136402419819074 0 0 0 0 0 0 0 0 0.149458676654573 0 0.0407083476362544 0.254102429680341 0 0 0 0 0 0.131163367544785 0.156235327829471 0 0 0 0 0 0 0.156329579244854 0.200136707451689 0 0 0 0 0 -0.0501171396835389 0 0 0 0 0 0.279730521535916 0 0 0 0 0 0 0 0 0 0 0 0 0 0.0440993939646964 0 0 0.0683939488986869 0 0.282393478994833 0.117887309310155 0 0 -0.120265935263763 0 0.0456457286158939 0 0 0 0 0.060266478676764 0 0 0 0 0 0.0294421089545749 0 0 0 0 0 0.229066029564385 0.14094401928347 0 0.0278519123080432 0 0 0 0 0.042229984076705 0 0 0 0 0 0 0 0 0 0 -0.0325385207328956 -3.00559275609458e-05 -0.00371812821578599
0.031617971015762 0 0 0 0 0 0 0 0 0.0805341828876476 0.181252749623906 0 0.173424101691594 0 0.0383610126687294 1 0 0 0.00602744087941598 0.0907257696495712 0.0247126965163789 0 0 0 0 0 0 0 0 0.0924092586062981 0 0 0 0.098067596280698 0.118802256428547 0.228551473695287 0 0 0 0.0105669789820538 0 0 0 0 0.108582273720597 0 0 0 0 0 0 0 0 0 0.00685608501314333 0.0356604316536432 0 0.0351238624074927 0 0.11878397260381 0 0 0.074089977885859 0.176805710083795 0 0 0 0 0.0600709515438663 0.12514649882325 0 0.0953759591781723 0 0 0 0 0 0 0.0791299402126688 0 0 0 0 0.12630760790988 0.152637756528002 0 0 0.0909245068554925 0 0 0 0 0.0667398465570773 0 0 0 0 0.0507051803222646 0 0 0.052594481956888 0 0 0 0 0 0 0 0 0.0816255871510759 0 0 0 0 0 0.148004748650872 0 0 0 0 0 0.0723870556668609 0 0 0.195034125763309 0 0 0 0 0 0 0 0 0 0 0 0.0196348556800567 0 0 0 0 0 0 0 0 0 0 0 0 0 0.117292478066145 0 0 0.21069169195058 0.0692886073779061 0 0 -0.0575031355822673 0 0 0 0.0332501162367663 0 0 0 0 0 0 0 0 0 0 0 0 0 0 0 0 0 0.0099413172096679 0 0 0 0 0.0142665077982499 0 0.0472843858214552 0 0 0 0 0 0 0 0 0 0 0 0 0
-0.237895295545909 -0.0929801876691574 -0.150295969765794 -0.104828097183646 -0.0789440359082685 -0.0335203868590839 0 0 0 0 0 -0.0207482344205524 -0.126062758920316 0 0 0 1 0 -0.0790579950957575 -0.158089140881231 -0.128935814327911 -0.190355800370608 -0.0766732816789071 0 -0.0389283469181807 -0.218683721935778 0 -0.00837551358982341 0 -0.135684432295025 0.190459556326054 -0.196941401228541 -0.192423757930684 0 -0.118746966527476 0 0 -0.0825618784939262 -0.0256711238849932 -0.0380919315794811 -0.0826952191461641 0 0 -0.0988025640988306 -0.095980964072746 0 0 0 0 0 0 0 -0.114264747166844 0 0 -0.0914590994416403 -0.125502908446165 0 -0.0725714926501969 0 0 0 0 0 0 -0.0565087064443842 0 0 0 -0.127883551034373 -0.0842393823867359 0 -0.117495278728842 -0.0709730278654976 0 0 0 0 0 0 -0.00655114614240337 -0.229800782298434 0 0 -0.0300963060745092 -0.00402076798565665 0 -0.0454070430992238 0 -0.202981679552629 -0.0841623542897061 0 0 0 0 -0.111004153993469 -0.05964739493827 0 -0.217228323433128 0 -0.163961054550483 -0.0771096782138361 0 -0.0990844252034295 0 -0.204128289676735 0 -0.037223453517807 0 0 -0.186672820318507 -0.0553691235688196 -0.0366818058249851 -0.0745738416725882 -0.0570406350051101 0 0 0 -0.123330432126867 0 0 0 0 -0.0481746494755427 0 0 0 0 -0.181763417250646 0 0 0 -0.245565336706691 0 -0.0231439231228002 -0.0202010852301371 0 0 0 0 -0.156112816675446 -0.12024245055096 0 0 0 -0.0277077330879851 -0.220547064162555 -0.0327290322537793 0 0 -0.103432832411189 -0.177533433260312 -0.107056417930769 0 -0.0264636364210145 0 0 0.486864687579766 -0.0427006674031674 0 0.0921565068974039 -0.101785822979578 0 -0.263361446227975 -0.0726162935813581 0 0 -0.055824171836919 0 -0.0502879387414824 0 0 0 0 -0.0537435132245246 -0.0581472927268963 -0.230618197992397 0 0 -0.108090211954505 0.109320832285354 0 0 0 0 0 -0.0424426116552546 0 -0.132942212696293 0.00835312939120542 0 0.128970263736068 0.0989248408087422 0.21461270056034 0.0821808411183752 0.079338574022897 0.183523699371036 0.0923172677237962 0.101895365309627 0.0354421491319565
0 0 0 0 0 0 0 0 0 0 0 0.0555824763862921 0 0 0 0 0 1 0 0 0 0 0 0 0 0.0691644489585776 0 0 0 0 0 0 0.00816174076518605 0 0 0 0 0 0 0 0 0.0438276452307493 0 0.0455873685150315 0 0 0 0 0 0 0.131033183659638 0 0 0.128079081822102 0 0 0.0749345220783532 0 0 0 0 0 0 0 0.306525599396998 0 0 0 0 0 0.167480884015733 0 0 0 0 0 0 0 0 0 0 0 0 0 0 0 0 0 0 0 0.0665337198104388 0 0 0 0 0 0 0 0 0 0 0 0 0 0 0 0 0 0 -0.0529555223424192 0 0 0 0 0 -0.0803520535735321 0 0 0 0 0 0 0 0 0 0 0 0 0 0 0 0 0 0.00484632803742852 0 0 0 0 0 0 0 0 0 0 0 0 0 0 0 0 0 0 0.159961897398828 0 0 0 0 0 0 0.0548457013395149 0 0 0 0 0 0 0 0 0.0522443393746076 0 0 0 0 0 0 0.0741287659939944 0 0 0 0 0 0 0 0 0 0.0349009191142483 0 0 0 0 0.0967527387825857 0 0 0 0 0 0 0 0 0
0 0 0 0.106940224378346 0 0.0378819348286288 0 0 0 0 0 0 0.155969640942987 0 0 0.00602744087941598 -0.0790579950957575 0 1 0.0680180862026089 0.162226728648734 0 0 0 0 0 0.0318061231198313 0 0 0.11834253009142 0 0 0 0.0656669422150431 0.0289296600601507 0 0 0 0 0 0.0259111139643555 0 0 0 0.0649527753767328 0 0 0 0 0 0 0 0.197735873527044 0 0 0 0.100748405223951 0.0792858322478716 0 0 0 0 0 0.0751191079980468 0 0 0 0 0.0108934078030995 0 0 0 0 0 0 0 0 0 0 0 0 0.0219873894860003 0 0 0 0 0 0 0 0.00410579384221088 0.0576702964547363 0 0 0 0.0162223960513204 0 0 0 0.0527909929177324 0.002162545553342 0 0 0 0 0 0.050488668496327 0 0 0.0772341300709627 0 0.0590043929685905 0 0 0 0 0 0 0 0 0 0 0 0 0.0773067992753759 0.008515697320093 0 0 0 0 0 0 0 0.0624832444934572 0.0573464482871275 0 0 0 0 0 0 0 0 0 0 0 0 0.0226542536928522 0.0752021363382123 0 0 0.0319181580796553 0 0 0.00956394972979974 0 0 0 -0.0692004080442364 0 0 -0.0271862818605815 0.0697314735282906 0 0.142024860135732 0 0.0954319321661566 0.144929013018889 0 0 0 0 0 0 0 0 0 0 0 0 0 0 0.00790149614430902 0 0 0 0 0 0 0 0 0 0 0 0 0 0 0 0 0 0
0.066143967142414 0 0 0.173265715065281 0.0612982617137863 0 0 0 0 0 0.106801420217364 0 0.247263308813794 0 0 0.0907257696495712 -0.158089140881231 0 0.0680180862026089 1 0.0578666638684851 0.0816048858808709 0 0 0 0 0 0 0 0.0884974619875646 -0.00492856977262723 0.0146142067234682 0.115599737449071 0.0533078473181718 0.0550312962090945 0.0872371563431844 0 0 0.0262975137935766 0.0772580731921856 0 0 0 0.0825038746702936 0.14833666367481 0 0 0 0.0583222039462337 0 0 0 0.0359132753819724 0 0 0.0783883846655725 0.190231072104748 0.162667073016672 0 0 0 0 0 0.0229337657876814 0 0 0 0 0 0.162860830535739 0 0 0 0 0 0 0 0 0 0 0.0364099568540873 0.0314782743912081 0.00852134238773905 0 0.116392589521833 0 0 0 0 0.177709069507947 0.0702243387938518 0 0 0 0 0 0 0 0.0654388857353367 0 0 0 0 0 0 0.0800586267137369 0 0 0 0 0.0604815460933864 0 0 0 0 0 0 0 0.100374243107341 0 0 0.139376806404521 0.0445158498859385 0 0.0361780361786397 0 0 0 0 0 0 0 0 0.105433879527378 0 0 0 0 0 0 0 0 0 0 0 0.10236254714905 0.0371591506699172 0.139263028320118 0 0 0.188875791370347 0.0908222162089314 0.0110967704002182 0 0 0 0 -0.124846245075921 0.0646164271086809 0 0 0.0708494752339167 0 0.0304739945030819 0 0.0883891804742232 0 0 0 0 0 0 0 0 0.173350082379284 0 0.0253976657795121 0 0 0.0182566734078366 0 0 0 0 0.0707747357934745 0 0.00339654185876781 0 0 0 0 0 0 0 0 0 0 0 0 0
0.131397537035329 0 0 0.0992678388730717 0.105044612185616 0.163400787539002 0 0 0 0.0981513862736192 0.113495608326282 0 0.173817618996162 0 0.0732992912953991 0.0247126965163789 -0.128935814327911 0 0.162226728648734 0.0578666638684851 1 0 0 0 0.203552210909313 0 0.178137856933361 0 0 0.060020676448357 0 0 0 0.219450396213227 0.154744562426452 0.174257972987794 0.120265091582187 0 0 0.00228855048932525 0.0994939518975151 0 0 0.00343630383515958 0.209699145088233 0 0 0 0 0 0 0 0.123985329582178 0 0 0.0505913558785156 0 0.0737735333330707 0 0 0 0 0.085928296645978 0.231307317344641 0 0 0 0 0.0820096562087584 0.0893836701582595 0 0 0 0 0 0 0 0 0.134938786197569 0 0 0 0 0 0 0 0.0429630798597438 0 0 0 0.0811580874597713 0 0.051730216559798 0 0.11752925192596 0 0.0677668947038596 0.164075087509891 0.215706262173624 0.0214979395974967 0 0.000786115844760071 0 0 0 0.132019877781105 0.245715912615177 0 0.106867114479692 0.105714069999414 0.238476086032786 0.0780340059434797 0 0 0 0.0395453100189956 0.0463971029151631 0 0 0 0.0273009266778168 0 0 0.298854829281074 0.23795099917659 0 0 0 0 0 0 0 0.242990662716622 0 0 0 0.171965154819527 0 0 0 0 0.0431195446775146 0 0.0952739232472463 0 0 0.114367063869799 0.178337894279508 0 0.0560331354665352 0.210292063480103 0 0 0.127606719238034 0 0 0.0776261510704853 -0.193233753248418 0 0 -0.0797514902245884 0.197184206870919 0 0.165551480992554 0 0.174195412817652 0.208633631159525 0 0 0 0 0 0 0.064788468006003 0.0687797571251406 0 0.0259104328365857 0 0 0.225667344191163 0 0.0630561378863324 0 0 0 0 0.246243375459294 0.156257784256928 0 0 0 -0.109641430033222 -0.0891438519658945 -0.0521536673282293 -0.0359159174068269 -0.0455659824517888 -0.0474492527649291 -0.0272458386156208 -0.0606625236984277 -0.0609865996348615
0.096232190711261 0 0.0761597256276614 0 0 0 0 0 0 0.000498121777048666 0 0 0.064099986216286 0 0 0 -0.190355800370608 0 0 0.0816048858808709 0 1 0 0 0 0.142291203832297 0.0108907760845285 0.0116599664868373 0 0.177293962793774 0 0.0407172330280948 0.0283216725952359 0 0.0282301639014097 0 0 0 0.02040174678534 0.0374290958522915 0.137216328087149 0 0 0.0276076521365551 0.115770825469258 0 0 0 0 0 0 0 0.0714815711846612 0 0 0 0.133186534605198 0.129558113650258 0 0 0 0 0 0 0 0.0911807453904833 0 0 0 0.0195075851318451 0 0 0 0 0 0 0.0895244935373949 0 0 0 0 0 0 0 0 0 0 0.0250644121717251 0 0.277705030744816 0 0 0 0 0.0129147177876794 0 0.0124558121939275 0.0157785171472514 0.141725492433329 0.100244192825854 0.0636199161021511 0.0483799492709883 0 0 0 0.22536359200736 0 0 0.0293700810903108 0 0.162163899357308 0.0867085123541616 0 0.0691228538577487 0 0 0 0 0 0 0 0 0 0 0.0154635460030497 0 0 0.0102743499751697 0 0 0 0 0.15812128077641 0 0 0 0 0 0 0 0 0.032121784868147 0 0 0 0 0.111010754974814 0.101298560696766 0 0 0.0101183516547021 0.0736849780834992 0 0 0 0 0 -0.167382725495302 0 0 -0.0264169417213094 0.20800914146649 0 0.0563953217773268 0 0.0582651203100871 0 0 0 0 0 0 0 0 0 0 0.168317578991612 0 0 0.0759170731292056 0 0 0 0 0 0 0.108724030264324 0 0 0 0 -0.0338838417741668 -0.00911811443083127 -0.0391897327143323 0 0 -0.0202557816709821 0 -0.00431694927218451 0
0 0 0.0598125693869067 0.0400792717702858 0.0785169387281385 0.0426134517346591 0 0 0 0 0 0.075170578296183 0.040500740475144 0 0 0 -0.0766732816789071 0 0 0 0 0 1 0 0 0.0966390120712166 0 0.126568487274609 0 0 -0.0114808614116868 0.113445386940058 0.164780675534163 0 0 0 0 0 0.112815038350136 0 0 0.103613667465514 0 0 0 0 0 0 0 0.0550230674344854 0.173594245526395 0 0 0 0 0 0.163992465132929 0 0.0159465743245336 0 0.0880501112688535 0 0 0 0 0 0 0 0 0 0.1330896726099 0 0.0186300283516762 0.128520781514731 0.14950121448278 0 0.0414922687276945 0 0 0 0 0.0613622476901705 0 0 0 0 0 0 0 0.030173092936785 0 0 0 0.026143246973264 0 0.255503339433477 0 0 0 0 0 0 0.0548093117731721 0.0621919191882316 0 0.0655934248589114 0 0.136985712794887 0 0 0.0309787837285708 0 0.0488336984741107 0 0 0 0 0 0.0893882430225423 0 0 0 0 0 0 0 0 0 0.172388053174112 0 0.0724764710905436 0 0 0.15318765720796 0.0576321973620588 0.0717628513604098 0 0 0 0 0.116160816165629 0.0234846914084113 0 0 0 0 0 0 0 0 0 0.247599427957008 0.0394777822889706 0 0 0 0 -0.0439786933839734 0.0315830129477457 0 0 0 0 0.0874795878081865 0 0 0 0 0 0.110685161715399 0 0 -0.0851860556406385 0 0 0.111418906890181 0 0 0 0 0 0 0 0 0 0 0 0 0 0 0 0 0 0 0 0 0 0 0 0
0 0 0 0 0 0 0 0 0 0 0 0 0 0 0 0 0 0 0 0 0 0 0 1 0 0 0 0 0 0 0 0 0 0 0 0 0 0 0 0 0 0 0 0 0 0 0 0 0 0 0 0 0 0 0 0 0 0 0 0 0 0 0 0 0 0 0 0 0 0 0 0 0 0 0 0 0 0 0 0 0 0 0 0 0 0 0 0 0 0 0 0 0 0 0 0 0 0 0 0 0 0 0 0 0 0 0 0 0 0 0 0 0 0 0 0 0 0 0 0 0 0 0 0 0 0 0 0 0 0 0 0 0 0 0 0 0 0 0 0 0 0 0 0 0 0 0 0 0 0 0 0 0 0 0 0 0 0 0 0 0 0 0 0 0 0 0 0 0 0 0 0 0 0 0 0 0 0 0 0 0 0 0 0 0 0 0 0 0 0 0 0 0 0 0 0 0 0 0 0
0.256301409948172 0 0 0 0 0.131758841856804 0.0196145371368922 0 0.0448759744005811 0.178750059174613 0 0 0.0522870285276438 0 0.237932243696539 0 -0.0389283469181807 0 0 0 0.203552210909313 0 0 0 1 0 0.155658411328625 0 0 0 0 0 0 0.227177754408577 0.115549461174153 0.229565340790474 0.194227243172224 0 0 0 0.176621682836486 0 0 0 0.109552632656717 0 0 0 0 0 0 0.054342891527644 0 0 0 0.0700230523919834 0 0 0 0.0593868545214146 0 0 0.23490762039699 0.15720257939199 0 0 0.0933970145223701 0.165002203235343 0.023248492072845 0 0 0 0 0 0 0 0 0 0.136232619774318 0 0 0 0 0 0 0 0.118093025371766 0 0 0 0.0978239737409768 0.0691558109325733 0.252025199097071 0 0.281708717712844 0 0.108283895878146 0.177781561095809 0.0590379653486056 0 0 0 0 0 0.0850815753976693 0.0365650002030125 0.158691201238152 0 0.239517468048026 0.237079105155141 0.116629305808727 0.035020967283745 0 0.148499315928577 0 0.0713274339100965 0.101870079218796 0 0 0 0 0 0 0.285675644895699 0.241384776403929 0 0 0.021634596182757 0 0 0 0 0.196742741127804 0 0 0 0.261207627459195 0 0 0 0 0 0 0.0383105196664305 0 0 0 0 0 0.14525379226955 0.221179925598203 0 0 0.0651720435600823 0 0.177712684114073 0.133626324690631 -0.234555577082604 0 0 -0.224352798754931 0.203800324393279 0 0 0 0.0235998460961576 0.148373566600359 0.0793478313646567 0 0 0 0 0 0.0307946513453709 0 0 0 0 0.119683414731362 0.234835833524984 0 0.168606684519329 0 0 0 0 0.155716633279306 0.0333436578928128 0 0 0 -0.0882917192792151 -0.0771138642104334 -0.0162542983633828 -0.0323879899962482 -0.0448649303586858 -0.0104107471412432 -0.0469361477548226 -0.0720170080551812 -0.074329850823852
0 0.011417117011912 0.226316252422602 0 0.0182777724732464 0.117615066537522 0 0 0 0 0 0 0 0 0 0 -0.218683721935778 0.0691644489585776 0 0 0 0.142291203832297 0.0966390120712166 0 0 1 0 0 0 0 0 0.094430109539527 0.077135040724859 0 0 0 0 0 0.0299198087554483 0 0 0.131328569402799 0 0.0059616616000096 0 0 0 0 0 0 0.23764084411784 0 0.0771738547235848 0 0 0 0.090563612436618 0 0.0515707985798443 0 0 0 0 0 0.144522438454512 0 0 0 0 0 0.232211905107498 0 0.0443695276187164 0.0655844307144067 0.0757156308579423 0 0.0325492243834221 0 0 0 0 0.167291925036634 0 0 0 0 0 0 0 0.0338548350651278 0.13382060250384 0 0 0 0 0.215391154419252 0 0 0.0906727465077202 0 0 0.0493658416190597 0 0.0387324293731852 0 0.108329830305019 0 0.0108232237508935 0 0 0.115817858218054 0 0 0.0831770486528995 0.175451292813743 0 0 0 0 0 0 0 0 0 0 0 0 0 0.160802076382476 0 0 0 0.188575396992925 0.00492289970765758 0 0.05519093575421 0 0 0 0 0.135902680235189 0.117996842067142 0 0 0 0 0.0232715256757732 0 0 0 0 0.159357143251328 0.200830142021796 0 0 0 0 -0.143423795572677 0 0 0 0 0 0.24160038497746 0.107932773261094 0 0 0.0882158095937687 0 0.189529897801292 0 0 0 0 0 0.14489449159853 0.227764279338369 0.019671074877098 0 0 0 0 0 0 0 0 0 0 0 0 0 0 0 0 0 0 0 0 0 0
0 0 0 0 0 0.127481482928843 0.11245104467302 0.0169875423900334 0.0307792214376985 0.226455337040638 0 0 0 0 0.084750236457405 0 0 0 0.0318061231198313 0 0.178137856933361 0.0108907760845285 0 0 0.155658411328625 0 1 0 0 0.0903751501072718 0 0 0 0.0336080882185014 0.100877293315217 0 0.224977770957301 0 0 0 0.057597895484728 0 0 0 0.0673540173095982 0 0 0 0 0 0 0 0.0865469823487728 0 0 0 0 0 0 0 0 0 0.251927640002114 0 0.0893527505724066 0 0.0339304784328992 0.254057723993137 0 0 0 0 0 0 0 0 0 0 0.0489097078090875 0 0 0 0 0 0 0 0.239280300805574 0 0 0 0.0160882886908563 0 0 0 0.21349852703641 0 0 0.0689823119071599 0.171958995051398 0.0832798112997389 0 0.148800590666546 0 0 0 0.164967023732832 0.302777586797478 0 0.0709282552633493 0 0.230122394069705 0.146022979918894 0 0.00854137438163222 0 0 0.30763058896104 0 0 0 0.0590015232995409 0 0 0.26677768768806 0.128594139687785 0 0 0.0339142885137881 0 0 0 0 0.297447091445887 0 0 0 0.111242483160796 0 0 0 0 0.00118953189314797 0 0 0 0 0 0.0979393868566412 0 0.0868803900893792 0 0 0 0.0672817897396989 0 0 0 -0.0139224292564655 0 0 0 0.130938565550247 0 0.00445581350544011 0.102345571144671 0.0648028013456561 0.0606429810727569 0 0 0 0.0471781441083791 0 0 0 0 0 0.101323319080835 0 0 0 0 0.0968457842770417 0 0 0 0 0.144462766976661 0 0 0 0 0 0 0 0 0 0 0 0 0
0 0 0 0.00675702933442918 0.132178752346703 0 0 0 0 0 0.0929384055391384 0.0900358855084967 0.0793480719518103 0 0 0 -0.00837551358982341 0 0 0 0 0.0116599664868373 0.126568487274609 0 0 0 0 1 0 0.00025957478519284 0 0 0.333665513455581 0 0 0 0 0 0 0.124368501888815 0 0 0 0.267358655121534 0.112602055558693 0 0 0 0 0 0.0984549104760656 0 0 0 0.150487225219462 0 0.0393880044952328 0.109072295005218 0.168392932188519 0 0.0618912271802031 0 0 0 0 0.00789680640733864 0 0 0 0.141630898109045 0.152027503095596 0 0.0926756367979897 0.299090367203516 0.0269006379985885 0.109315877993445 0.292056895266365 0.151362244260856 0 0 0.332094712722002 0 0 0 0 0 0 0.186981204606552 0.0340924713918398 0.140817035522073 0 0 0 0.173464762972998 0 0.173414557388007 0 0 0.103607742658841 0.0858512831698905 0.173251784042224 0 0.00233699142002824 0.214319260258268 0 0.169420388715442 0 0 0 0 0.0965269913851403 0.0101835610991095 0 0 0.101240992466012 0 0 0 0.0236264428397961 0 0 0.0943321968645539 0.111395708748301 0 0 0 0 0.0068431682207265 0 0 0 0 0.0142675390225286 0.0798910355610351 0.177711671899481 0.232449921854825 0 0 0 0 0 0 0 0 0 0 0.0986943943234643 0.247236827128992 0 0 0 0.32948495564715 0.0831067581574164 0 0.240954434944682 0 0 0 0 0 0 0 0 0 0.112008944084512 0 0 0 0 0 0 0.159304324068023 -0.0209644944942819 0 0.0707586476612741 0.171719434540669 0 0 0 0 -0.0356964727706216 0 0.216988722679223 0 0 0 0.0263612641485089 0 0 0 0 0 0 0 0 0 0 0 0 0
0 0 0 0 0 0 0 0 0 0 0 0 0 0 0 0 0 0 0 0 0 0 0 0 0 0 0 0 1 0 0 0 0.0637020598653895 0 0 0 0 0 0 0 0 0 0 0.0809007645058749 0.0406679658753883 0 0 0 0 0.090817556004766 0 0 0 0 0.0341837197236127 0 0 0 0 0 0 0 0 0 0 0 0 0 0 0.154151740692471 0.0205634984547777 0.000810238621859638 0.0230244290537476 0 0 0 0 0 0 0 0 0 0 0 0 0 0 0.0104853036116045 0 0 0 0 0 0 0 0 0 0 0.00201944984920671 0 0 0 0 0 0 0 0 0 0 0 0 0 0 0 0 0 0 0 0 0 0 0 0 0 0 0 0 0 0 0 0 0 0.0152496218277088 0 0 0.0281784573199002 0 0 0 0 0 0 0 0 0 0 0 0.0392338226266654 0 0 0 0.00577839305396594 0 0 0 0 0 0 0 0 0 0 0 0 0.00294822916260851 0 0 0 0 0 0 0 0 0 0.0738790926663408 0 0 0 0 0 0 0 0.0659786618446513 0 0 0 0.0648966235834895 0 0 0 0 0 0 0 0 0 0 0 0 0
0.0725407138310771 0 0 0.0318322522212051 0 0 0.103289667591454 0.170483612716985 0 0.0763511565097703 0.115431128845902 0 0.135498686824179 0 0 0.0924092586062981 -0.135684432295025 0 0.11834253009142 0.0884974619875646 0.060020676448357 0.177293962793774 0 0 0 0 0.0903751501072718 0.00025957478519284 0 1 0 0 0.056405112946789 0 0.189706145851136 0 0.141129409401386 0.114583899695969 0 0.220673508612584 0.104478780584523 0 0 0.100384269743147 0.237739748035601 0 0 0 0 0 0 0 0.0565707648906628 0 0.024990978806882 0 0.0722679783291726 0.332061235328106 0 0 0 0 0.0278036986830146 0.059302811164302 0 0.162954938632975 0 0 0.0195926924637691 0.182249578603907 0 0 0.00738328392304877 0 0 0 0.0457302333345352 0 0.0495331527168084 0 0 0 0 0 0 0 0.164274928439602 0.0476730627632977 0 0.0991295712464644 0 0 0 0 0 0 0 0.114920122564229 0.254302092283301 0.270490158280529 0.187577898360593 0 0 0 0 0.196891209324511 0.0735483809904146 0 0.0191099453160714 0 0.142010592871131 0.189264233629505 0 0 0 0 0.0257196110065475 0 0 0 0.125019064665791 0 0 0.0804392381001641 0.206067442871921 0 0 0.263027236188891 0 0 0 0 0.152948183557016 0 0 0 0 0 0 0.0263233403395142 0 0 0 0 0 0 0.148771574750866 0.273134714588246 0 0.0491545495622442 0 0 0 0.20068730606831 0.0840536944377514 0 0 -0.0710368987767959 0 0 0 0.194303775683868 0 0.0253418837718338 0 0 0 0 0 0 0 0 0 0 0.0642574172907432 0 0.0624313810336746 0 0 0.0371220316626081 0 0 0 0 0 0 0.188733426511742 0 0 0 0 -0.0201496541654511 0 -0.0284295361510971 0 0 0 0 0 0
-0.0288398732548458 0 -0.121252066387096 0 0 0 0 0 0 0 0 0 0 0 0 0 0.190459556326054 0 0 -0.00492856977262723 0 0 -0.0114808614116868 0 0 0 0 0 0 0 1 -0.0232732531383542 0 0 0 0 0 0 0 0 0 0 0.159292992805836 0 0 0 0 0 0 0 0 0 0 0 0 -0.0400166950977622 0 0 0 0 0 0 0 0 0 0 0 0 0 0 0 0 0 0 0 0 0 0 0 0 0 0 0 0 0 0 0 0 0 0 0 0 0 0 0 -0.00983705718446221 -0.010809185382903 0 0 0 0 0 0 0 0 0 0 0 0 0 -0.0224809658265467 0 0 0 0 0 0 0 0 0 0 0 0 0 0 0 0 0 0 0.0716618136268325 0 0 -0.0570896234902491 0 0 0 0 0 0 0 -0.025430759042001 0 0 0 0 0 0 0 0 0 -0.027864649788111 0 0 0 0 0 0 0.0615836531571969 0 0 0 0 0 -0.0854574773376193 0 0 0 0 0.0498190889672553 0 0 0 0.158787271747061 0 0 0 0 0 0 -0.0039284269023937 0.159516775921973 0 0 0 0 0 0 0 -0.0466545662090529 0.232226969613147 0 0 0 0 0 0 0 0 0 0
0 0.0550568525939328 0.257381210394369 0.00513907283631188 0 0 0 0 0 0 0 0.0544998567172317 0 0.107001696962475 0 0 -0.196941401228541 0 0 0.0146142067234682 0 0.0407172330280948 0.113445386940058 0 0 0.094430109539527 0 0 0 0 -0.0232732531383542 1 0.0174340804506286 0 0 0 0 0 0.0691922585685637 0 0 0 0 0 0 0 0 0 0 0 0.00725867145828019 0 0 0 0 0.0521562582410295 0.0998897336817263 0 0 0 0 0 0 0 0 0 0 0 0 0 0 0 0.108019777031608 0.0688566023681352 0 0 0 0 0 0 0.0331041557745367 0.0578974225979984 0 0 0 0 0 0 0 0.112828397050997 0 0 0 0 0 0.215451556086482 0.0560020682098823 0 0 0 0.0627366877219248 0 0 0.112722235656952 0 0 0 0 0 0 0 0 0.11049934243966 0.0118441416882866 0 0 0 0 0.265204459929927 0 0 0 0 0 0 0 0 0 0.214869928102015 0 0 0 0 0 0.140834648367334 0 0 0 0 0 0.131856859832676 0 0 0 0 0 0.0543398019900559 0 0 0 0 0.127189492802339 0 0 0 0 0 -0.0697904127764269 0.119601046930392 0 0 0 0 0.12883532711537 0 0 0 0.047732869604651 0 0.176106321294414 0 0.0781569649445535 -0.0993830494847415 0 0 0.0682421196477839 0.0126816219872233 0 0 0.0799855473276509 -0.022056828669425 0 0 0 0 0 0 0 0 0 0 0 0 -0.0615997484882769 0 0 -0.0479005176001029 0 0 0
