1 0.0830968344583445 0.0728776462989091 0 0 0 0 0 0.100216609790947 0 0.00225167917258157 0.266720292826643 0.0106299342180045 0 0 0.297785250798409 0 0 0.120146985759736 0 0 0 0 0 0.0771908974649674 0 0 0 0 0.0196297145420047 0 0 0 0 0 0 0 0.0637803535689162 0 0 0 0 0 0 0 0 0 0 0.0145088430011754 0.0989730949445313 0.0737128850987541 0 0.234936901149271 0 0.037494143077501 0 0.176265988297936 0.17212731682341 0 0.130369708318988 0.0243204584443927 0 0.0940587364995151 0 0 0 0.00549823876741695 0 0 0 -0.00547837720982208 0 0 0.241824218296862 0 0 0.0374336189545474 0 0 0.0826504200757856 0.0747528583372044 0 0.197504892769828 0.0910024611575417 0 0.121366951175646 0 0 0 0 0 0 -0.060810484172569 -0.0623378626642587 -0.0692019769951195 -0.0354956017237127 -0.05206070688127 -0.078386968385197 -0.0777669379679196 -0.0751012875105723
0.0830968344583445 1 0.166252824565621 0 0.103099659246924 0.314117073558693 0 0.145448652589656 0.118920979132179 0 0.0166651411385133 0.0586818128772867 0.172582792750743 0 0 0 0 0 0.0111191881203753 0 0.084092649812534 0 0 0.0262450895538003 0.00216460364439186 0 0.198228070202134 0 0.0176802886990849 0.171870859605691 0.0361311630795376 0 0 0 0 0 0.0931851335587593 0.102736342761722 0.124279897535567 0 0 0.032371951815859 0 0 0.0365671281935016 0 0 0.100847637489197 0.0786425084918554 0.270560532520467 0.0833176628851369 0 0.0690625391252295 0 0.110698767306955 0 0 0.19747773754586 0 0.238262297682628 0 0 0 0 0 0.101916327439614 0.0490935580009569 0 0 0 0 0 0 0.143689369918501 0 0 0.172811151120248 0 0.167196586413964 0.211534642057102 0.139957653061715 0 0.225841436640301 0.0326161847769031 0 0.0433654730382962 0 0 0 0 0.016782382164356 0 -0.0619326658674637 -0.00949488433109896 -0.0486849762320004 0 -0.00290953951540962 -0.0139705504777854 0 0
0.0728776462989091 0.166252824565621 1 0 0 0.215077194513367 0 0.203804827943042 0.0830174921386995 0 0.172162882260844 0.158019106941563 0.00239333888610216 0 0.00133421044000587 0 0 0 0.0107172800450495 0.197818696099191 0.185919165709961 0 0 0.411047070007446 0.0974541868862512 0.079650777555961 0.187747589972206 0 0.191761394022403 0.0962848005463946 0.128264542538864 0.0568696083919719 0 0.00752996591089833 0.0374955269028905 0 0.0846385439994978 0.118253948835029 0.0205085103876258 0 0.00969973735881102 0.0171583804166202 0 0 0.0473670163550397 0 0.0498354850914968 0.0599044596026094 0.00137521625625686 0.29678459842157 0.0680415910945419 0.127024798016569 0.127260736996338 0.0263356536862456 0.272950338349778 0 0.0738734295485173 0.122017597544471 0 0.270201584246348 0.122398201183715 0 0.0268618387016604 0 0 0.0668410078992487 0 0.21296261496887 0.0586145506066195 0.156903530856842 0 0 0 0.322988249753323 0 0.0731710982757989 0.196269811044644 0 0.20993033705031 0.102931827496808 0.180211546228754 0 0.322175449492663 0.263210809631377 0 0.174713780047954 0 0.0188328700627155 0 0 0.142961606921988 0 -0.0581953551664171 -0.0234681364522646 -0.026573259474152 0 -0.00723240013951498 -0.00587876803026527 0 0
0 0 0 1 0 0 0 0 0 0 0 0 0 0 0.210887653121026 0 0 0.190653480632314 0 0 0.0656184757796142 0 0 0 0 0 0 0 0.107764603890236 0 0 0.0935922176551632 0 0.24140910050957 0.0480806003045257 0.00508743414811358 0.00808856798260205 0 0 0 0.120169016652154 0 0.0245107463180969 0 0 0 0.268114608268691 0.0451549505354658 0 0 0 0 0 0.108225401910119 0.0683103916777058 0 0.0569075101213962 0.00386840744910388 0 0 0.30911471235246 0 0 0 0 0 0 0 0.138790187106933 0.320171701960595 0 0 0 0 0 0 0 0 0.0125614724635627 0 0 0 0 0.169469428565137 0.00412509981713882 0.0760524447673341 0 0.156022079614618 0 0 0.164509731870952 0 0 0 0 0 0 0 0 0
0 0.103099659246924 0 0 1 0.252675365750455 0 0.153899648730322 0 0 0.0313465380728004 0 0.133342445943179 0 0.155835169249943 0 0.178196166893327 0.105920752925088 0.105105667328426 0 0.245249336974736 0 0 0 0 0 0 -0.00561816453841235 0.050320999227562 0 0 0.0777084320464754 0.309612607156583 0 0 0.115195095981751 0.200994369121651 0 0 0 0 0.0538074581153233 0.0794860306188349 0.0171521348010824 0 0 0.12264804924629 0.222287839700507 0 0.0120012388166988 0.023320476428046 0 0 0.103164938572878 0.128960393087136 0 0 0.195934426005916 0.026635146470778 0.152349758949098 0.0266296952813261 0 0 0.0894204874482572 0 0.171518137681455 0.0873542997279743 0 0.312480896323948 0.0467959897412307 0 0 0 0.0807145797074021 0 0 0 0 0.264096130947183 0.274084937748705 0 0.0356224976973348 0 0 0 0 0 0 0 0 0.197958585077575 0 -0.000189991269329559 0 0 0 0 0 0 0
0 0.314117073558693 0.215077194513367 0 0.252675365750455 1 0 0.214221659400202 0.0809047808791843 0 0.0926910689316842 0.0337123879129256 0.119752112355851 0 0.175902727228219 0.0205224739015357 0.0829392376947047 0 0.111575544827654 0 0.32046634606451 0 0 0.0700477135038922 0 0 0.228926146571667 0 0.110593456352292 0.248772828409574 0 0.00266774601623571 0.236304574248744 0.00957584062890243 0 0.0765590621163789 0.244191718308891 0.0540131240525466 0 0 0.0568374959875581 0.0643798812511678 0 0 0.116312339468622 0 0.0340285397689212 0.250978920920861 0.172902333115051 0.286986328925016 0.0597877487690102 0 0.0070652058291848 0.0840705316778864 0.320404205884486 0 0 0.241939857946369 0 0.280583836910006 0.0220895304566678 0 0 0 0 0.208810236546603 0.0639445645686231 0.0286348860920248 0.223224839813412 0.0950453724896952 0 0 0 0.236641291414323 0 0 0.226677826273725 0 0.281100192570291 0.349976930620663 0.193435420908219 0 0.239573265759508 0 0 0.0683025047894272 0 0 0 0 0.172548706021014 0 -0.0863362737528617 -0.0328064541882103 -0.0854135417413172 0 -0.0251408447224247 -0.0571415677480279 0 -2.01169138308588e-06
0 0 0 0 0 0 1 0 0 0 0 0.109568489362618 0 0 0 0 0 0 0 0.0842316856347897 0 0 0 0 0.171437224063679 0 0.0266536663643408 0.168483122226142 0 0.115338562482394 0.00177124060953698 0 0 0 0 0 0 0.207884924419774 0.010940088670803 0 0.00933516654321026 0 0 0 0 0 0 0 0 0.106937760214479 0 0 0 0 0 0 0 0 -0.0933595627464596 0 0 0 0 -0.120756093977573 0 0 0 0 0 0 0 0 0 0 0 0 0 0 0 0 0 0 0 0 0 0 0 0 0.0152291611563757 0.0753049595182887 0 0 0 0 0 0 0 0 0 0
0 0.145448652589656 0.203804827943042 0 0.153899648730322 0.214221659400202 0 1 0 0 0.243956251313354 0 0 0 0.100424716852397 0 0.214662013391834 0.160669131986228 0.139897992301555 0 0.250103185492274 0 0 0 0 0 0.164389369986219 0 0.0351895759664512 0.0229072454292224 0 0.126332337050018 0.271711357748681 0 0.0210582042878099 0.122413696612799 0.1297877105623 0 0 0 0 0 0.175342826601609 0 0 0 0.0833671202637842 0.00123558067142832 0 0.121562127863812 0 0.15793329233 0 0.204479127913931 0.256110302577665 0 0 0.172423918185145 0.146118110403454 0.278880126436826 0.11843804634752 0 0 0.079949350423036 0 0.0376702746411414 0 0.339258869685114 0.27835503958063 0.0302557461954867 0 0 0 0.283394703120662 0 0.212369195223567 0.0835235850815549 0 0.218741934683549 0.250696103884143 0 0.118030191474526 0.205955521396595 0 0 0.0663144732406261 0 0 0 0 0.286647415863335 0 -0.150045470437263 -0.129547892369935 -0.0925577077322697 -0.0763199578108673 -0.0859700228558292 -0.0878532931689695 -0.0676498790196612 -0.101066564102468
0.100216609790947 0.118920979132179 0.0830174921386995 0 0 0.0809047808791843 0 0 1 0 0 0.137043052475257 0.16697252767865 0 0 0.153849427344099 0 0 0 0.144017707869555 0 0 0 0.0954271078385258 0.213998285930435 0 0.0236229239351252 0.0196809221700349 0 0.204396505536969 0.056350614728574 0 0 0 0 0 0 0.173493713013941 0.18990525488682 0 0.0818963091317349 0 0 0 0.101766288094211 0 0 0 0.0705771333408254 0.0280051228575444 0.0665472873773044 0 0.295907379837518 0 0.0307181444774432 0.0952133521772124 0.102595959592272 0.105997465262952 0 0.0713828241326112 0 0.0892377388781511 0.0375542006186074 0 0 0 0 0 0 0 0 0.112880511494584 0 0.0393166793434221 0.0980362377660992 0 0.0638887318124516 0 0 0 0.288003468361048 0 0.127883628212227 0 0 0 0 0 0 0 0 0 0 0 0 0 0 0 0 0
0 0 0 0 0 0 0 0 0 1 0 0 0 0 0 0 0 0 0 0 0 0 0 0 0 0 0 0 0 0 0 0 0 0 0 0 0 0 0 0 0 0 0 0 0 0 0 0 0 0 0 0 0 0 0 0 0 0 0 0 0 0 0 0 0 0 0 0 0 0 0 0 0 0 0 0 0 0 0 0 0 0 0 0 0 0 0 0 0 0 0 0 0 0 0 0 0 0 0 0
0.00225167917258157 0.0166651411385133 0.172162882260844 0 0.0313465380728004 0.0926910689316842 0 0.243956251313354 0 0 1 0 0 0 0 0 0.269969381194514 0.234631283576265 0.217025723240527 0 0.149956673060758 0 0.00619546048614267 0.000570116318675928 0 0.0947469319316844 0 0 0 0 0 0.275311660801031 0.19760661979603 0 0.205406243639384 0.0636525324768853 0 0 0 0 0 0 0.176636660178359 0 0 0 0.158497065775807 0 0 0.138228014145017 0 0.322112758116885 0 0.21818560149985 0.099442005752646 0 0 0.0769690406070529 0.277483145559181 0.157033346212768 0.0754250076877854 0 0 0.111731474314137 0.00644340414883599 0 0 0.326079685299739 0.28178881680797 0.0620386365867974 0 0 0 0.237146781531845 0 0.301611667863236 0 0 0 0.261583966002243 0 0.174030365094671 0 0.0311911846212631 0 0 0.160087455135402 0 0 0 0.196120673683346 0 -0.128695759683256 -0.117517904614474 -0.0566583387674232 -0.0727920304002886 -0.0852689707627262 -0.0508147875452836 -0.087340188158863 -0.112421048459222
0.266720292826643 0.0586818128772867 0.158019106941563 0 0 0.0337123879129256 0.109568489362618 0 0.137043052475257 0 0 1 0 0 0 0.134834149943567 0 0 0 0.171732609806839 0 0 0 0.0114485427912102 0.27804488452188 0 0.117577895127625 0 0 0.130967652840658 0.0919748389838847 0 0 0.0204011654354153 0 0 0 0.272615945511539 0.116119671261983 0 0.0729532647874625 0 0 0 0.207695965440674 0 0 0 0.0742588754691682 0.17422464290788 0 0.00750261824639126 0.255795194823292 0 0.131076786911761 0 0.0791364697772255 0.14873387070906 0 0.156221898622095 0 0.0359661175035784 0.215855333217784 0 0 0 0 0 0 0 0 0 0 0.228979437396966 0.0308027631459983 0 0.158400882471182 0 0 0 0.199761183655369 0 0.282004425381501 0.148336813665134 0 0.26816831974241 0 0 0 0 0 0 -0.00318140489294022 0 -0.0266729453686528 0 0 -0.016738339926618 0 0
0.0106299342180045 0.172582792750743 0.00239333888610216 0 0.133342445943179 0.119752112355851 0 0 0.16697252767865 0 0 0 1 0.0121593443825028 0.0406636151892332 0.0398052226735642 0 0 0 0 0.153006095962733 0 0 0 0.138858950880106 0 0 0 0.190891265623502 0.0797920448992732 0.208796972592559 0 0 0.048300846811379 0 0 0.182034938513086 0.192431543499637 0.0673046784026289 0.149719918397485 0.332460935670405 0.191766284664896 0 0 0.01474784258831 0 0 0.227385245010592 0.181221075926114 0.0325178965461136 0.213868803377038 0 0.213818597792047 0 0.144011783062882 0.0427410318240686 0.254723300662308 0.209824429119483 0 0.136931031789181 0.0505876015031498 0.0343313171410574 0.141645032870052 0 0 0.134736237268594 0.151799749152342 0 0 0.0472472086247669 0 0 0 0.054671579426569 0.218115712303522 0 0.0322599719162436 0 0.287640867533033 0 0.379508785766388 0 0 0.152412984488552 0.199708364472063 0.0298669169292588 0 0.257392763083263 0 0 0.0667653045525493 0 0 0 0 0 0 0 0 0
0 0 0 0 0 0 0 0 0 0 0 0 0.0121593443825028 1 0 0 0 0 0 0 0.0810720062794287 0 0 0.131221596408806 0 0 0 0 0.0745877601276531 0 0 0 0 0 0 0 0.194555781096512 0.0609675388588181 0 0.0156248235319987 0 0 0 0 0 0 0 0.0508893440156449 0 0 0.00645010888214592 0 0 0 0.0424234902532471 0 0.00333956597998636 0 0 0.000659710965007609 0.0125218931525986 0 0 0 0 0 0 0 0 7.59974726426416e-05 0 0 0 0.0556536622317492 0 0 0 0 0.0796378630307058 0 0.0461824334580063 0 0 0.0433522695666489 0 0 0 0.106382702248692 0 0 0.10530066398753 0 0 0 0 0 0 0 0 0
0 0 0.00133421044000587 0.210887653121026 0.155835169249943 0.175902727228219 0 0.100424716852397 0 0 0 0 0.0406636151892332 0 1 0 0.0179554730096235 0.181533449805426 0.144882820988564 0 0.278143788439641 0 0 0 0 0 0.0969748052947032 0 0.0653950192109224 0.112672018733213 0 0.068207739087055 0.0997068515683424 0.203358979037016 0.0287646147237895 0.0599967328678095 0.222653619007947 0 0 0 0.0861342737385756 0 0.0899371931208488 0 0 0 0.204678968843643 0.0880771031673381 0.139533611650505 0 0 0.0371078214217269 0 0.15532416296827 0.294706132687342 0 0 0.237295249728551 0 0.182414633275171 0.229668274033545 0 0 0 0 0 0 0.120843278504205 0.246471483275962 0.303431276592931 0 0 0 0.193352223961057 0 0 0.00141220753401655 0 0.313538754992287 0 0 0 0.0657459241758742 0.0133577007892236 0 0.102835421437715 0 0.0222532368911187 0 0 0.229137466915782 0 -0.0605536945694914 -0.027878105012585 -0.0688335765551375 0 -0.000528170053927024 -0.0392983018932914 0 0
0.297785250798409 0 0 0 0 0.0205224739015357 0 0 0.153849427344099 0 0 0.134834149943567 0.0398052226735642 0 0 1 0 0 0.0233546007030592 0 0 0 0 0 0.0476627118623206 0 0 0 0 0.140293774085767 0.0188130781624719 0 0 0.0050441862455568 0 0 0 0 0 0 0 0 0 0 0.0983014630020388 0 0 0 0.153232437455037 0 0.00404071514266979 0 0.255855596490522 0 0.0109691872194334 0 0.153126276060992 0.0337723531795961 0 0.00218039641246121 0 0.1509033828437 0.00615696695728751 0 0 0 0 0 0 0 0 0.0313396170043894 0 0.0204070392950068 0.181238688771374 0 0 0 0 0 0.167593533206379 0 0.169239367519411 0 0.118561005348594 0.0530856623912637 0 0 0 0 0 -0.000288881872670177 -0.0226473802093186 -0.0206436337087913 -0.102003788892317 -0.0130054601711538 -0.0223029511412338 -0.0883045580041433 -0.0223129322052997 -0.022752316936238
0 0 0 0 0.178196166893327 0.0829392376947047 0 0.214662013391834 0 0 0.269969381194514 0 0 0 0.0179554730096235 0 1 0.10812626027754 0.143262177871863 0 0.115218252424247 0 0 0 0 0 0 -0.131341726580773 0 0 0 0.170555452477751 0.307708649544018 0 0 0.19338202306812 0 0 0 0 0 0 0.217126418783614 0 0 0 0.0843467683969194 0 0 0 0 0 0 0.24077799586403 0 0 0 0 0.309383108531976 0 0 0 0 0.216561186399021 0 0.0509945609139997 0 0.0837522197471853 0.342379106272257 0 0 0 0 0.0325396102383922 0 0.196333163704195 0 0 0 0.242660749865947 0 0.142646283376612 0 0 0 0 0.123594290885797 0 0 0 0.14022573101591 0 -0.019518730423544 -0.0173798992431311 0 0 0 0 -0.0350807031907347 -0.0103075056327671
0 0 0 0.190653480632314 0.105920752925088 0 0 0.160669131986228 0 0 0.234631283576265 0 0 0 0.181533449805426 0 0.10812626027754 1 0.0789014096797637 0 0.0405691742206629 0 0 0 0 0.0540789580680252 0 -0.127172233047496 0 0 0 0.274269021918011 0.202097302049156 0 0.189922630424691 0.192244544906407 0 0 -0.0381858606711887 0 0 0 0.259193861607688 0 0 0 0.344851032979236 0 0 0 0 0.148158018775745 0 0.200316121842576 0.0791557529479077 0 0 0.0728049932868811 0.183001481461739 0.0620633681960962 0.208440273117068 0 0 0.0280388835575847 0 0 0 0.165111861167351 0.290384476180379 0.205855812482679 0 -0.0551191287861445 0 0.104687804242682 0 0.123107522602754 0 0 0.0937784672567031 0.0276673222397604 0 0.132546709336655 0 0 0 0 0.189009138809673 0 0 0 0.180767062091749 0 -0.0255840888872758 -0.0236802359740779 0 -0.00998479429742133 -0.000700205605315585 -0.00354082077503071 -0.0220325335493287 -0.0219792424347544
0.120146985759736 0.0111191881203753 0.0107172800450495 0 0.105105667328426 0.111575544827654 0 0.139897992301555 0 0 0.217025723240527 0 0 0 0.144882820988564 0.0233546007030592 0.143262177871863 0.0789014096797637 1 0 0.115363241422271 0 0 0 0 0 0.0226732114788492 0 0 0.193687903232725 0 0.0733038922811417 0.0800155530215134 0 0.0632578904819106 0 0 0 0 0 0 0 0.0499744038089793 0 0 0 0.0511002030873408 0 0.0597368755584388 0 0 0 0 0.189831310958959 0.065771675241356 0 0 0.230462286296596 0.0889037741594896 0.197717768315903 0.0793498539306235 0 0 0 0 0 0 0.138724908073859 0.108951770483255 0 0 0 0 0.190845131252763 0 0.01559862841082 0 0.108540167534575 0.0225772426778266 0.118983812412152 0 0.0377980243230718 0.0812971852754802 0 0 0 0 0 0 0 0.0757851066335692 0 -0.0870799395665242 -0.0764085488311715 -0.0459397400287298 -0.0482646670164407 -0.0618270786537499 -0.066295355807071 -0.054822741444786 -0.0791470239297323
0 0 0.197818696099191 0 0 0 0.0842316856347897 0 0.144017707869555 0 0 0.171732609806839 0 0 0 0 0 0 0 1 0 0 0 0.281611932399032 0.280220380691921 0 0.060129687617395 0.074552797157799 0.0102509569832789 0.0222096235165278 0.132344886850786 0 0 0 0 0 0 0.240331676904431 0.150370882228522 0 0.0802791718559911 0 0 0 0.0485797735041591 0 0 0 0 0.0944419566533451 0 0 0.174428997362861 0 0.0893393468378978 0.0462398032263674 0.0175927675287917 0 0 0.0195776264903075 0 0.0211314310910205 0.107959446160604 0 0 0 0 0 0 0 0 0 0 0.102300840853587 0.0538125832984869 0 0.0580010600516318 0 0 0 0.244447990003391 0 0.141000495195138 0.100692514657252 0 0.0673861008167224 0 0.00250642593421341 0 0 0 0 0 0 0 0 0 0 0 0
0 0.084092649812534 0.185919165709961 0.0656184757796142 0.245249336974736 0.32046634606451 0 0.250103185492274 0 0 0.149956673060758 0 0.153006095962733 0.0810720062794287 0.278143788439641 0 0.115218252424247 0.0405691742206629 0.115363241422271 0 1 0 0 0.0982517365108824 0 0 0.0893729622894118 0 0.242833951947891 0.107675028206731 0 0.0646574250429983 0.228635864156763 0.0801894371038139 0 0.1248913373053 0.281516899577778 0.015866707865912 0 0 0.121929402991102 0.0340692518155382 0.0247393033545003 0 0 0 0.164291337238396 0.189686283772439 0.140301720865585 0.14710967259055 0.00640875489914033 0.0785079157945941 0 0.215056837340066 0.381418322379134 0 0 0.271384787062485 0 0.273720308843386 0.25447571119273 0 0 0 0 0.136030710324624 0.0864051406463773 0.164578250350176 0.334184225042577 0.266697448952708 0 0 0 0.297546729633716 0 0 0.0521200835706442 0 0.37717429547267 0.225619486248535 0.18593998059252 0 0.0607881073383322 0.0246737840792388 0 0.0951329229742216 0 0.102844213923303 0 0 0.354977734156933 0 -0.051137463016741 -0.00487545192265337 -0.0353809558394694 0 0 0 0 0
0 0 0 0 0 0 0 0 0 0 0 0 0 0 0 0 0 0 0 0 0 1 0 0 0 0 0 -0.0169992776274052 0 0 0 0.0800965337444682 0 0 0 0 0 0 0 0 0 0 0.0463409293917003 0 0 0 0.0883068328942467 0 0 0 0 0 0 0.0114425217914716 0 0 0 0 0 0 0 0 0 0 0 0 0 0 0.00731048513631805 0 0 0 0 0 0 0 0 0 0 0 0 0 0 0 0 0 0 0 0 0 0.00888801850840371 0 0 0 0 0 0 0 0 0
0 0 0 0 0 0 0 0 0 0 0.00619546048614267 0 0 0 0 0 0 0 0 0 0 0 1 0 0 0 0 0 0 0 0 0 0 0 0 0 0 0 0 0 0 0 0 0 0 0 0 0 0 0 0 0.0107603424111333 0 0 0 0 0 0 0 0 0 0 0 0 0.100896863194914 0 0 0 0 0 0.0159963178468883 0 0 0 0 0 0 0 0 0 0 0 0 0 0 0 0 0 0 0 0 0 0 0 0 0 0 0 0 0
0 0.0262450895538003 0.411047070007446 0 0 0.0700477135038922 0 0 0.0954271078385258 0 0.000570116318675928 0.0114485427912102 0 0.131221596408806 0 0 0 0 0 0.281611932399032 0.0982517365108824 0 0 1 0.0941173966101264 0.045910773154702 0 0 0.184657861923936 0 0.0168833420279855 0 0 0 0 0 0.0790324834910695 0.0562729649633215 0.0529261629774407 0 0 0 0 0 0 0 0 0 0 0.171433130301682 0.0356849875790863 0 0.10164125493539 0 0.114672782393771 0 0.0183758756427006 0 0 0.0564778564707893 0 0 0.00702237008942791 0 0 0.0537383966627958 0 0.0175714106945 0 0.0580202113082895 0 0 0 0.113708173875552 0 0 0.0289500686254067 0 0.053047053762149 0 0.21450239969735 0 0.121897793897362 0.186855665594606 0 0.0454719617185512 0 0.0695083395981215 0 0.0162827291877918 0.0479310526382871 0 0 0 0 0 0 0 0 0
0.0771908974649674 0.00216460364439186 0.0974541868862512 0 0 0 0.171437224063679 0 0.213998285930435 0 0 0.27804488452188 0.138858950880106 0 0 0.0476627118623206 0 0 0 0.280220380691921 0 0 0 0.0941173966101264 1 0 0 0.317077193719536 0 0.0210669672387231 0.298845887582446 0 -0.00356407890367816 0.00464986521662414 0 0 0 0.395615140841294 0.333003000892591 0.0429614931311804 0.17732759897849 0 -0.0623180771909199 0 0.214149730369965 0 0 0 0 0.0923765414061589 0.106207171413131 0 0.422610441817343 0 0 0.121825059074988 0.243452521423666 0 -0.0794671768655523 0 0 0.132506799813885 0.329212490278418 0 -0.0220025317186221 0 0 0 0 0 0 0.0636389104800622 0 0 0.272148764541516 0 0.0931374336115868 0 0 0 0.302091370713383 0 0.129628800310197 0.153237318356415 0 0.113673337051623 -0.0462029584944376 0.0520868138013641 0 0.0459043600719655 0 0 0 0 0 0 0 0 0 0
0 0 0.079650777555961 0 0 0 0 0 0 0 0.0947469319316844 0 0 0 0 0 0 0.0540789580680252 0 0 0 0 0 0.045910773154702 0 1 0 0 0.0115513477993382 0 0 0.113568223323653 0.00922536418911746 0 0.133701502180207 0.141526020201966 0 0 0 0 0 0 0.0724614999633859 0 0 0 0.0245726134695712 0 0 0.0669644477827644 0 0.0725646794139327 0 0 0 0 0 0 0 0 0 0 0 0 0 0 0 0.0147105301511264 0.0991775118062974 0.146230217705676 0 0 0 0 0 0.0560063312216356 0 0 0 0 0 0 0 0 0 0 0 0 0 0.0823262926104069 0.0187646820913133 0.224092557042915 0 0 0 0 0 0 0 0
0 0.198228070202134 0.187747589972206 0 0 0.228926146571667 0.0266536663643408 0.164389369986219 0.0236229239351252 0 0 0.117577895127625 0 0 0.0969748052947032 0 0 0 0.0226732114788492 0.060129687617395 0.0893729622894118 0 0 0 0 0 1 0 0 0.208386489356366 0.123035168969361 0 0 0 0 0 0.0815172546691241 0.138248851908379 0 0 0 0 0 0 0.072540765726437 0 0 0 0.083328846608784 0.247511173235729 0 0.175254089411321 0 0 0.225082486604343 0 0 0.289247441528024 0 0.229606010491517 0 0 0 0 0 0 0 0.177348728806877 0 0 0 0 0 0.211541435549727 0 0 0.198861497659094 0 0.187379329558909 0.0582954407610781 0.0771129565849248 0 0.311218847095829 0.000526826330326968 0 0.168157245420188 0 0 0 0 0.0164059837165262 0 -0.0638710806164918 -0.020094210819052 -0.057006540155048 0 -0.00163116359188542 -0.00607499364716685 0 -0.00362186011029131
0 0 0 0 -0.00561816453841235 0 0.168483122226142 0 0.0196809221700349 0 0 0 0 0 0 0 -0.131341726580773 -0.127172233047496 0 0.074552797157799 0 -0.0169992776274052 0 0 0.317077193719536 0 0 1 0 0 0.00352629741083615 -0.0699138549279851 -0.240327732206005 0 0 -0.0424505457607453 0 0.104829686358989 0.244633789248447 0 0 0 -0.259192818600819 0 0 0 -0.0252583672890726 0 0 0 0 0 0.0858375125228883 -0.0719008773797328 0 0 0 0 -0.157390860875095 0 0 0 0.114046108356881 -0.0916585760891867 0 0 0 0 -0.124170919493319 0 0 0.0731207669154258 0 0 0.0355670311415934 -0.0826382404324983 0 0 0 0 0 -0.0604488157621478 0 0 0 0 -0.0363504372003883 0 0 0.131820639376439 0 0 0 0 0 0 0 0 0 0
0 0.0176802886990849 0.191761394022403 0.107764603890236 0.050320999227562 0.110593456352292 0 0.0351895759664512 0 0 0 0 0.190891265623502 0.0745877601276531 0.0653950192109224 0 0 0 0 0.0102509569832789 0.242833951947891 0 0 0.184657861923936 0 0.0115513477993382 0 0 1 0 0.265192486841378 0 0.0503814933450244 0.0816100145275463 0 0.163078632724425 0.233764273483909 0.0328752457070268 0 0.152344702321008 0.181877591459568 0.196109038363122 0 0 0 0 0.0728288685816844 0.188579265305292 0 0.150178705219674 0.0813523510784689 0 0.0199523971275732 0.0153424412044842 0.223273405761329 0 0.155529049159723 0.00116983771096268 0 0.0543920782841116 0.130942448940754 0 0.0738637323638289 0.0521444532737719 0 0.255297865419057 0.0994023125358738 0 0.151225616023372 0.274602313181448 0 0 0 0.0869072531612697 0.118843148046815 0 0.0441424821590022 0 0.258923593438217 0.0283715346161033 0.163807556454885 0 0 0.262283900522995 0.168690857002623 0.125829180392598 0 0.456809926786569 0 0.0328183716901748 0.235406979686021 0 0 0 0 0 0 0 0 0
0.0196297145420047 0.171870859605691 0.0962848005463946 0 0 0.248772828409574 0.115338562482394 0.0229072454292224 0.204396505536969 0 0 0.130967652840658 0.0797920448992732 0 0.112672018733213 0.140293774085767 0 0 0.193687903232725 0.0222096235165278 0.107675028206731 0 0 0 0.0210669672387231 0 0.208386489356366 0 0 1 0 0 0 0 0 0 0.0495794511810833 0.0138738332129993 0 0 0.004547270471083 0 0 0 0.0955909128469907 0 0 0 0.213729620017148 0.0627452523867093 0 0 0.0324165975344272 0 0.165277325944848 0 0 0.228310667694923 0 0.256234260258486 0 0 0 0 0 0 0 0 0 0 0 0 0 0.0985850413521966 0 0 0.0220099792568497 0 0.19193091033736 0 0.18089288208628 0 0.279250106398061 0 0 0.0155124986132146 0 0 0 0 0 0 0 0 -0.00348587855831439 0 0 0 0 0
0 0.0361311630795376 0.128264542538864 0 0 0 0.00177124060953698 0 0.056350614728574 0 0 0.0919748389838847 0.208796972592559 0 0 0.0188130781624719 0 0 0 0.132344886850786 0 0 0 0.0168833420279855 0.298845887582446 0 0.123035168969361 0.00352629741083615 0.265192486841378 0 1 0 0 0.0869648263429377 0 0 0.15275651424887 0.303536210081176 0.277625430057306 0.127994386265091 0.22240946887226 0.130507741372978 0 0 0.295873049215811 0 0 0.0180498941452985 0.0909859817012648 0.224118164936959 0.174843004020547 0 0.319333613646386 0 0.167609124594322 0.0568302756572724 0.305535349939879 0.0509605816611262 0 0.0730027811460823 0 0.0967153245408816 0.311757465765246 0 0 0.0305248234638877 0.0240605140961813 0 0 0.0101761930887389 0 0.0276597340743205 0 0.0467326217187123 0.308665719198879 0 0.17345970213678 0 0.148731321392562 0 0.258417072439563 0 0.166576428149168 0.266584647014498 0.0833230393995191 0.287630490028675 0 0.304923092690436 0 0 0 0 0 0 -0.0195943338234628 0 0 0 0 0
0 0 0.0568696083919719 0.0935922176551632 0.0777084320464754 0.00266774601623571 0 0.126332337050018 0 0 0.275311660801031 0 0 0 0.068207739087055 0 0.170555452477751 0.274269021918011 0.0733038922811417 0 0.0646574250429983 0.0800965337444682 0 0 0 0.113568223323653 0 -0.0699138549279851 0 0 0 1 0.224372892109046 0 0.263944859559326 0.102779586380751 0.0287274036250294 0 0 0 0 0 0.337604213540662 0 0 0 0.370627656975212 0.110316707342562 0 0 0 0.0654486931269266 0 0.173728797528462 0.0949819204032067 0 0 0 0.279447749683203 0.0390980753262183 0.173493653843501 0 0 0.124010228507066 0 0 0 0.137231248612316 0.321689697736142 0.0874563440573641 0 -0.0757853944849113 0 0.192463987193304 0 0.360896804934362 0 0 0 0.0913022694382414 0 0.132916766680453 0 0.119435709050958 0 0 0.156985716608701 0 0 0 0.22457999919495 0 0 0 0 0 0 0 0 0
0 0 0 0 0.309612607156583 0.236304574248744 0 0.271711357748681 0 0 0.19760661979603 0 0 0 0.0997068515683424 0 0.307708649544018 0.202097302049156 0.0800155530215134 0 0.228635864156763 0 0 0 -0.00356407890367816 0.00922536418911746 0 -0.240327732206005 0.0503814933450244 0 0 0.224372892109046 1 0 0 0.258446736592556 0.0792662354991622 0 0 0 0 0.00339633126942851 0.32573209361326 0 0 0 0.165286134727916 0.0822997497158667 0 0 0 0 0 0.258056034907148 0.086754508724989 0 0 0 0.28472675627691 0.0800130316349968 0 0 0 0.303008235352298 0 0.122581342825758 0 0.14893111307319 0.388513736624029 0.0822241979507347 0 0 0 0.0511703312032727 0 0.241591806106432 0 0 0.145088456429056 0.257594441908764 0 0.168785078014575 0 0 0 0 0 0 0 0 0.259116485225801 0 0 0 0 0 0 0 0 0
0 0 0.00752996591089833 0.24140910050957 0 0.00957584062890243 0 0 0 0 0 0.0204011654354153 0.048300846811379 0 0.203358979037016 0.0050441862455568 0 0 0 0 0.0801894371038139 0 0 0 0.00464986521662414 0 0 0 0.0816100145275463 0 0.0869648263429377 0 0 1 0 0 0.126197261972162 0.103209992992222 0 0.0860648399886269 0.210808830977321 0 0 0 0 0 0.044741657824975 0.0552952118611527 0.0966526139016612 0.0349654327442558 0 0 0.0242611479167752 0.0683813429170625 0.170251659747089 0 0.082355134842288 0.0664378938472096 0 0.0350825488780813 0.180500118406066 0 0.123032245196172 0 0 0 0 0 0.0628424950814882 0.232048046478016 0 0 0 0.0434679657666854 0.0827787010488631 0 0.0557834631350836 0 0.0708591134346337 0 0.0658750750139235 0 0.0617749860408455 0.186505410319718 0 0.255783042316061 0 0.138468781734898 0 0 0.128525974970939 0 -0.0208965393092285 0 -0.0481607025257018 0 0 -0.0104917461837015 0 0
0 0 0.0374955269028905 0.0480806003045257 0 0 0 0.0210582042878099 0 0 0.205406243639384 0 0 0 0.0287646147237895 0 0 0.189922630424691 0.0632578904819106 0 0 0 0 0 0 0.133701502180207 0 0 0 0 0 0.263944859559326 0 0 1 0 0 0 0 0 0 0 0.148406738866938 0 0 0 0.204356804243485 0 0 0 0 0.20479095234101 0 0.122448820593641 0.0450814767145071 0 0 0 0.0563721906866484 0 0.13002162423923 0 0 0 0 0 0 0.193610740141426 0.140918547123061 0.109745191494319 0 -0.0136831668376138 0 0.197902365491167 0 0.184453001437942 0 0.0388979730322361 0 0 0 0.0530340700297797 0 0.0497183656887274 0 0 0.13639724491674 0 0 0 0.0556240086124743 0 0 0 0 0 0 0 0 0
0 0 0 0.00508743414811358 0.115195095981751 0.0765590621163789 0 0.122413696612799 0 0 0.0636525324768853 0 0 0 0.0599967328678095 0 0.19338202306812 0.192244544906407 0 0 0.1248913373053 0 0 0 0 0.141526020201966 0 -0.0424505457607453 0.163078632724425 0 0 0.102779586380751 0.258446736592556 0 0 1 0.0135240759675338 0 0 0 0 0 0.245406927283929 0 0 0 0.13249731479285 0 0 0 0 0 0 0.0310907536776547 0.0411552165926771 0 0 0 0.0910039445060395 0 0.0340518999512401 0 0 0.223443302084713 0 0.198396824814731 0 0 0.327278098660567 0.176941520740671 0 0 0 0 0 0 0 0 0.0935716059983379 0.0844443450160909 0 0.0659748969368936 0 0 0 0 0.0354988513645777 0.00339252093671938 0 0 0.143976120051415 0 0 0 0 0 0 0 0 0
0 0.0931851335587593 0.0846385439994978 0.00808856798260205 0.200994369121651 0.244191718308891 0 0.1297877105623 0 0 0 0 0.182034938513086 0.194555781096512 0.222653619007947 0 0 0 0 0 0.281516899577778 0 0 0.0790324834910695 0 0 0.0815172546691241 0 0.233764273483909 0.0495794511810833 0.15275651424887 0.0287274036250294 0.0792662354991622 0.126197261972162 0 0.0135240759675338 1 0.197133117251749 0 0.138741639309855 0.166929362505196 0.0340175974137831 0 0 0.0269514586124716 0 0.123253134622331 0.283387500934662 0.0477520351845755 0.217563255042485 0.16133303776604 0 0.0253273364223486 0.0908795511805013 0.31408655912027 0 0.0629689134149724 0.193700573580634 0 0.2019948642982 0.110958819668019 0 0.0405115841593249 0 0 0.175003808042008 0.00448277143885417 0.0383280761640761 0.223128119391897 0.135958146465005 0 0 0 0.219261894357967 0.0959151182314877 0 0.0988411332636472 0 0.346591431125301 0.128884346474102 0.196187029486098 0 0.0536590936112628 0.132679584369529 0.0668442764345815 0.177289839368131 0 0.212746065823984 0 0 0.310085597627853 0 -0.0377568463692905 0 -0.0496772359898318 0 0 -0.00231085268570214 0 0
0.0637803535689162 0.102736342761722 0.118253948835029 0 0 0.0540131240525466 0.207884924419774 0 0.173493713013941 0 0 0.272615945511539 0.192431543499637 0.0609675388588181 0 0 0 0 0 0.240331676904431 0.015866707865912 0 0 0.0562729649633215 0.395615140841294 0 0.138248851908379 0.104829686358989 0.0328752457070268 0.0138738332129993 0.303536210081176 0 0 0.103209992992222 0 0 0.197133117251749 1 0.240298500889319 0.289714513614286 0.262660594955902 0 0 0 0.124781859899159 0 0 0.158663836386345 0 0.270681416477142 0.218644189651895 0 0.310556818806988 0 0.209563531691096 0.0914053238309542 0.172163904247912 0.21962222023627 0 0.141783248599092 0.020411448990556 0.00908820536674326 0.410917292617661 0 0 0 0 0 0 0 0 0 0 0.194386609788121 0.164381607211845 0 0.217091872727442 0 0.104966097762444 0 0.298154781414574 0 0.136523490807729 0.266612453188074 0 0.22113492006156 0 0.100191697910099 0 0 0.00204966278502489 0 0 0 0 0 0 0 0 0
0 0.124279897535567 0.0205085103876258 0 0 0 0.010940088670803 0 0.18990525488682 0 0 0.116119671261983 0.0673046784026289 0 0 0 0 -0.0381858606711887 0 0.150370882228522 0 0 0 0.0529261629774407 0.333003000892591 0 0 0.244633789248447 0 0 0.277625430057306 0 0 0 0 0 0 0.240298500889319 1 0.0539817353767573 0 0 -0.0580800950391343 0 0.220327756011819 0 0 0 0 0.165721075021391 0.178393911802617 0 0.351066993426268 0 0 0.0404755619782698 0.1118268279898 0 0 0 0 0.0200960773256615 0.241899338863388 0 0 0 0 0 0 0 0 0.319240209534452 0 0 0.160788851437329 0 0.0464642448117647 0 0 0 0.231086264867642 0 0.0663132398479861 0 0 0.0317490884030452 -0.0551789909049928 0 0 0.0379589142156257 0 0 0 0 0 0 0 0 0 0
0 0 0 0 0 0 0 0 0 0 0 0 0.149719918397485 0.0156248235319987 0 0 0 0 0 0 0 0 0 0 0.0429614931311804 0 0 0 0.152344702321008 0 0.127994386265091 0 0 0.0860648399886269 0 0 0.138741639309855 0.289714513614286 0.0539817353767573 1 0.0919499979551874 0 0 0 0 0 0 0.131154287102033 0 0.170144458528528 0.229562736503354 0 0.0601234038418722 0 0.0150278553244021 0 0.049025374585804 0 0 0 0 0 0.349382138175424 0 0 0 0 0 0 0 0 0 0 0.0242998224728823 0.0149430268502996 0 0 0 0 0 0.0512154107417417 0 0 0.200862301913076 0.014606426451575 0.00909735481267421 0 0.146530193778456 0 0.100534018799415 0.0280483849556979 0 0 0 0 0 0 0 0 0
0 0 0.00969973735881102 0.120169016652154 0 0.0568374959875581 0.00933516654321026 0 0.0818963091317349 0 0 0.0729532647874625 0.332460935670405 0 0.0861342737385756 0 0 0 0 0.0802791718559911 0.121929402991102 0 0 0 0.17732759897849 0 0 0 0.181877591459568 0.004547270471083 0.22240946887226 0 0 0.210808830977321 0 0 0.166929362505196 0.262660594955902 0 0.0919499979551874 1 0 0 0.000963425509562688 0.00610435903281747 0 0.107115655506919 0.176313654962458 0.145777585490417 0.0562373668945868 0.0224725858030967 0 0.201363032323461 0 0.201177220517506 0.00424760864534962 0.216074288783953 0.180062211038769 0 0.0934831830503043 0.138101195023555 0.153533942884864 0.176304821893546 0 0 0 0.0503009794335257 0 0 0.199110960562246 0 0 0 0.0696088556156417 0.239687651183902 0 0.120631579983255 0 0.188718308769031 0 0.30801885364672 0 0 0.247817616116004 0.138326181166876 0.15541153392952 0 0.276905738698726 0 0 0.0727979423003433 0 0 0 0 0 0 0 0 0
0 0.032371951815859 0.0171583804166202 0 0.0538074581153233 0.0643798812511678 0 0 0 0 0 0 0.191766284664896 0 0 0 0 0 0 0 0.0340692518155382 0 0 0 0 0 0 0 0.196109038363122 0 0.130507741372978 0 0.00339633126942851 0 0 0 0.0340175974137831 0 0 0 0 1 0 0 0 0 0 0.00499636032491391 0.138909730396938 0 0.0233895110921476 0 0.0342731564917594 0 0 0 0.0908209436306479 0 0 0 0 0.00304215552964399 0 0.0272280213309913 0 0.268873894180457 0.199436158493157 0 0 0.023953825416777 0 0 0 0 0.0677935627785261 0 0 0 0.181056926497078 0 0.103304469747645 0 0 0 0.0581304629919216 0 0 0.151599248993753 0 0 0 0 0 0 0 0 0 0 0 0
0 0 0 0.0245107463180969 0.0794860306188349 0 0 0.175342826601609 0 0 0.176636660178359 0 0 0 0.0899371931208488 0 0.217126418783614 0.259193861607688 0.0499744038089793 0 0.0247393033545003 0.0463409293917003 0 0 -0.0623180771909199 0.0724614999633859 0 -0.259192818600819 0 0 0 0.337604213540662 0.32573209361326 0 0.148406738866938 0.245406927283929 0 0 -0.0580800950391343 0 0 0 1 0 0 0 0.181746099843161 0 0 0 0 0 0 0.183764220915342 0 0 0 0 0.330068864512384 0 0.103550002013326 0 0 0.269971188393701 0 0 0 0.175902004126769 0.313820244409029 0.0695051769250974 0 -0.0855331312397761 0 0 0 0.334606300739109 0 0 0 0.0495362701945369 0 0.241613847787867 0 0 0 0 0.165678971424309 0 0 0 0.101666697121488 0 0 0 0 0 0 0 0 0
0 0 0 0 0.0171521348010824 0 0 0 0 0 0 0 0 0 0 0 0 0 0 0 0 0 0 0 0 0 0 0 0 0 0 0 0 0 0 0 0 0 0 0 0.000963425509562688 0 0 1 0 0 0.00517488343555439 0 0 0 0 0 0 0 0 0 0 0 0 0 0 0 0 0 0 0 0 0 0 0 0 0 0 0 0 0 0 0 0 0 0 0 0 0 0 0 0 0 0 0 0 0 0 0 0 0 0 0 0 0
0 0.0365671281935016 0.0473670163550397 0 0 0.116312339468622 0 0 0.101766288094211 0 0 0.207695965440674 0.01474784258831 0 0 0.0983014630020388 0 0 0 0.0485797735041591 0 0 0 0 0.214149730369965 0 0.072540765726437 0 0 0.0955909128469907 0.295873049215811 0 0 0 0 0 0.0269514586124716 0.124781859899159 0.220327756011819 0 0.00610435903281747 0 0 0 1 0 0 0 0.1270026815118 0.1375204008088 0 0 0.215974907688026 0 0.118185491751498 0 0.208912772057697 0 0 0.0168090742331056 0 0.0947482467256208 0.0846129436043229 0 0 0 0 0 0 0 0 0.117550612021325 0 0.0028433903212095 0.185598332428757 0 0.130081731659303 0 0 0 0.155200647635788 0 0.279781416699704 0.0724524897055079 0 0.173866605654115 0 0 0 0 0 0 0 0 -0.0511407259262516 0 0 -0.0184229624282058 0 0
0 0 0 0 0 0 0 0 0 0 0 0 0 0 0 0 0 0 0 0 0 0 0 0 0 0 0 0 0 0 0 0 0 0 0 0 0 0 0 0 0 0 0 0 0 1 0 0 0 0 0 0 0 0 0 0 0 0 0 0 0 0 0 0 0 0 0 0 0 0 0 0 0 0 0 0 0 0 0 0 0 0 0 0 0 0 0 0 0 0 0 0 0 0 0 0 0 0 0 0
0 0 0.0498354850914968 0.268114608268691 0.12264804924629 0.0340285397689212 0 0.0833671202637842 0 0 0.158497065775807 0 0 0 0.204678968843643 0 0.0843467683969194 0.344851032979236 0.0511002030873408 0 0.164291337238396 0.0883068328942467 0 0 0 0.0245726134695712 0 -0.0252583672890726 0.0728288685816844 0 0 0.370627656975212 0.165286134727916 0.044741657824975 0.204356804243485 0.13249731479285 0.123253134622331 0 0 0 0.107115655506919 0 0.181746099843161 0.00517488343555439 0 0 1 0.137888899543069 0 0 0 0.0572114160351813 0 0.211526973464529 0.258868066606258 0 0 0.135850545955947 0.0849550902855457 0.118660837032244 0.306493729959834 0 0 0 0 0 0 0.122703212583065 0.335669418915386 0.269173632967086 0 -0.00499232242088182 0 0.254844266392837 0 0.0761473769027709 0 0 0.167589375419477 0.0354628437401211 0 0.022154358870928 0 0.179536761778621 0 0.0459251465797627 0 0.0234842470066776 0 0 0.29126964016295 0 0 0 0 0 0 0 0 0
0 0.100847637489197 0.0599044596026094 0.0451549505354658 0.222287839700507 0.250978920920861 0 0.00123558067142832 0 0 0 0 0.227385245010592 0.0508893440156449 0.0880771031673381 0 0 0 0 0 0.189686283772439 0 0 0 0 0 0 0 0.188579265305292 0 0.0180498941452985 0.110316707342562 0.0822997497158667 0.0552952118611527 0 0 0.283387500934662 0.158663836386345 0 0.131154287102033 0.176313654962458 0.00499636032491391 0 0 0 0 0.137888899543069 1 0.0502581005653537 0.0759002808512295 0.120815819591215 0 0.101828261375379 0 0.197068132065674 0 0.151897149226838 0.0823061997044749 0 0.11633492505222 0.0980517660590821 0 0.0834276271580808 0 0 0.115192570000091 0.0960225920988022 0 0.133121416106674 0.135215570323839 0 0 0 0.140588925788759 0 0 0.158324417516807 0 0.160361710810094 0.125179477409738 0.244898221607511 0 0 0.196071614903912 0.0613592124738834 0.0478582480879552 0 0.159752766207022 0 0 0.234988476268653 0 0 0 0 0 0 0 0 0
0.0145088430011754 0.0786425084918554 0.00137521625625686 0 0 0.172902333115051 0 0 0.0705771333408254 0 0 0.0742588754691682 0.181221075926114 0 0.139533611650505 0.153232437455037 0 0 0.0597368755584388 0 0.140301720865585 0 0 0 0 0 0.083328846608784 0 0 0.213729620017148 0.0909859817012648 0 0 0.0966526139016612 0 0 0.0477520351845755 0 0 0 0.145777585490417 0.138909730396938 0 0 0.1270026815118 0 0 0.0502581005653537 1 0.0202046550391553 0 0 0.143991879176108 0 0.12293208831404 0 0.115818470507936 0.203350258612749 0 0.0793808595543667 0.0625569622212269 0.158990711795441 0 0 0 0.0697267643385762 0.17898325560789 0 0 0.0856701763677376 0 0 0 0.0678547676348226 0.145886519498174 0 0.00152317203112551 0 0.16584598727801 0.0661373751760403 0.255561100856123 0 0.100035074225891 0 0 0.0823113618504304 0 0 0 0 0.0218489485091691 0 -0.0763207744362049 -0.0468082337530932 -0.132920340335123 -0.0179829168834947 -0.0283023092290927 -0.107491450605218 0 -0.0363780600963097
0.0989730949445313 0.270560532520467 0.29678459842157 0 0.0120012388166988 0.286986328925016 0.106937760214479 0.121562127863812 0.0280051228575444 0 0.138228014145017 0.17422464290788 0.0325178965461136 0 0 0 0 0 0 0.0944419566533451 0.14710967259055 0 0 0.171433130301682 0.0923765414061589 0.0669644477827644 0.247511173235729 0 0.150178705219674 0.0627452523867093 0.224118164936959 0 0 0.0349654327442558 0 0 0.217563255042485 0.270681416477142 0.165721075021391 0.170144458528528 0.0562373668945868 0 0 0 0.1375204008088 0 0 0.0759002808512295 0.0202046550391553 1 0.178570379971355 0.142511464306411 0.166470957682836 0 0.292383767447848 0 0.0553177069006768 0.137570227151982 0 0.239195978264431 0.000995241789049806 0 0.131797865594755 0 0 0.180046751815133 0.0275202302098518 0.0442027866829555 0.0875788001376037 0.0310210389573589 0 0 0 0.277083228791055 0 0 0.178753482064313 0 0.185981564478064 0.180237174395282 0.173865924490035 0 0.248099957548943 0.200195769230714 0 0.200547953403523 0 0 0 0.0212077646329201 0.124859517644448 0 -0.0241113289136312 0 -0.019167754472195 0 0 0 0 0
