"V1" "V2" "V3" "V4" "V5" "V6" "V7" "V8" "V9" "V10" "V11" "V12" "V13" "V14" "V15" "V16" "V17" "V18" "V19" "V20" "V21" "V22" "V23" "V24" "V25" "V26" "V27" "V28" "V29" "V30" "V31" "V32" "V33" "V34" "V35" "V36" "V37" "V38" "V39" "V40" "V41" "V42" "V43" "V44" "V45" "V46" "V47" "V48" "V49" "V50" "V51" "V52" "V53" "V54" "V55" "V56" "V57" "V58" "V59" "V60" "V61" "V62" "V63" "V64" "V65" "V66" "V67" "V68" "V69" "V70" "V71" "V72" "V73" "V74" "V75" "V76" "V77" "V78" "V79" "V80" "V81" "V82" "V83" "V84" "V85" "V86" "V87" "V88" "V89" "V90" "V91" "V92" "V93" "V94" "V95" "V96" "V97" "V98" "V99" "V100"
"1" 1 0.194643664055515 0 0 -0.00217031680393182 0.00112867671411106 0 0 0 0.00104174167805831 -0.0011313970831058 0 -0.00388131741643379 0.00043689166628361 0 -0.00963173625569471 0 0 0 0.00173186942483616 -0.00294361246866401 0 0 0 0 0 0 0 0 0 0.463241781593935 0 0 0.0991735988830454 0 0 0 -0.0217280864145089 0 0 -0.0210936809672142 0 0 0 0 0 0 0 0 0.0665079286127541 0 -0.00370618189547597 0 0 0 0 0 0 0 0.00707562732444591 -0.0169634703640981 0 0.00108996960687377 0 0 0 0 0 0 0.090818912835196 0 0 0.028132432240154 0 0.021897062336932 0 0.0847183969864189 0 0 0 0 0 -0.0196871476351161 0 0.190990508812869 0 0.0950205278564909 -0.0140054555472279 0.159255119615338 0 0.00407968508584687 0.00349424513305254 0.0142880523346034 0 -0.000685965500399711 0.000397392982977726 0 0 0 0.0110601814907236
"2" 0.194643664055515 1 -0.000705804454531228 0 0.000453125973017856 -0.00106289405177214 0 0 0 -0.00419649001763425 0.000493418046277889 0 0 -0.000188155035321818 0.0047289054108148 0.000980446712436804 0 0.00348046385849289 0 -0.005602060004132 -0.00491142559711537 0.14633815728274 0.265877652754945 0.177203476037968 -0.00656899111126096 0.268106222784002 0.261589854192095 0 0 0.238700686380947 0 0.000558332495032907 0 0.1989795263613 -0.0112107184330863 0 0.225342783302608 0.270036910718461 0 0.0980482683969619 0.0560764291591761 0.137694153228054 0.241643814483868 0.0544498545030184 -0.00169452870092867 0 0 0.00111142285895812 -0.00661813159424839 0.161343018461878 0.00194273880222253 -0.00140678735920386 0 0 0.20454051032123 0 0.138628931260519 0.119122619629311 0.120104641975322 0.00227889472009719 0.141798315960331 0.33674092404323 0.229398289908314 0.264152945307916 0 0 0 0.24460125515987 0 0.0669733317822049 0 0 0.189460553224165 0 0.282495503611346 0.226036288690251 0.237936267769967 0.0934905862057251 0 0.210370608553489 0.287628183576974 0.236258351749915 0.15180849933996 0.285970316029258 0.191234398540019 0.242705697196659 0.254958100703128 0.106633802967908 0.374761409615452 0.00962703182285907 0.104777714665417 0.111667102032325 -0.0121930395573694 -0.00276329285346748 -0.0017116042150403 0.0954023821739203 0.175544803316022 0 0 0.193450184636399
"3" 0 -0.000705804454531228 1 7.44405037528069e-05 -0.000196568848815259 0 0.000699300718320585 1.02175164461292e-05 -0.000664445482148229 -0.000381624327399153 0.112540867190226 0 -0.000924180817932574 0.000446655937403384 -0.00159106423982539 0 -2.49278248081184e-05 -0.000183905923827427 -0.000275856174326088 0.000316073920117339 0 -0.00139796127310012 0.000848135603452217 0.00129941106389939 0 0.000802018727754506 0.00083450108574979 -2.64146082195176e-05 -0.000574693568611108 0.000412249535488712 -0.00224167394872962 -0.0012784125455268 0 0 0.000665625125627009 0.000422928915617541 0.000526013218049511 -0.00071917604919681 0 0 0 0.000770586996550166 0.000659301290434674 0.000434421494106792 -0.000695615659765934 -0.00159402981107286 -0.000199131587431711 0.00087725029641231 0.000203508417010763 0 0.000360336731194767 0 0.129085178066125 0.000308256017707084 0.00044596202715924 -0.000423252820107674 -1.06734800539223e-05 -0.000534688328482791 -0.000248385775737317 0.000239686051235437 0 0.000197923903602032 0 0.00054967387691444 -0.000328960482932858 9.13926442578318e-05 0 0.000536199547031905 -0.000226634879147178 0.0026751293567264 -0.000276168697125539 0.109304172221204 0.00025909346149356 -0.000125784739895141 0.000457221865318327 -0.00204351374783789 0 -0.00027035062015917 0 0.000194317574665521 0.00102369925880999 0.000904376612300059 0.0315109123092905 4.249173918479e-05 0 -0.000771191930162462 0 -0.000620135846043281 -7.88603128416972e-05 0 0 0 0.0121789453265266 -0.000160122830149289 0.213935319738804 0 0 0 0 0
"4" 0 0 7.44405037528069e-05 1 -0.0498894643306372 0 0.0016734507138286 0.000563542965044494 -0.00158009295228443 -0.00145068866391076 -0.000318250287120857 0 -0.000217758368140476 0 -0.000593789917552459 0 0 0.000369121773093169 -0.000990253105636707 -0.000544525304061075 0 0.000109294446659644 0.0009993147516306 -0.000231353063409814 -0.00102998653605774 -0.000911506037166834 -0.000747631745431339 -0.000692513346616299 0.000894438627481322 0.00015596548173883 -0.000635922540777371 0.117776997699264 0 0 -0.000692935361647578 -0.0100534778383669 -0.000379084214931846 0 0 -0.00142421676600042 0 0.000903064244958767 0.000509037152390801 0.000420399953989833 -6.02441664401951e-05 -0.000531135303125828 0.000291594900799955 0.00401032759575495 0.000825587547677646 0 0.0472886785359864 0.000694643258954749 -0.0387849691122725 3.85333508565723e-05 0.00134382346325882 -0.00081664506060706 -0.000422835237593527 -1.32149272372657e-05 -0.000353174140834904 -0.0791945156570887 0 -2.04255184742553e-05 0 -0.000654087785624313 -0.00114045557520002 4.51643315536889e-05 0 0.000350202789921483 0.000171350055645465 -0.00187037128454914 -0.00100049638267345 -0.0290192808126756 0.000142617288350853 -0.000460167442016013 0.000556448183031808 -0.000388120537073955 0 -0.00285517653712807 0 -0.000159210864181343 0.000944417429988032 0.000309828537853973 0.000199578998890113 0 0 0.00125612183191144 -0.00199151701238393 0 0 0 0 0.000922386869128866 -0.000613435683554835 0.000229745934329219 -0.000232118914506827 0 0 0 0 0
"5" -0.00217031680393182 0.000453125973017856 -0.000196568848815259 -0.0498894643306372 1 -0.000333315504792275 -0.00269863136399674 -0.000731763627581957 0 0.00198256830762184 0.0746926905156158 0 0.0638195909050285 -0.087131338463999 0 0.156186258689017 1.49813541803266e-05 -0.00078043157867243 0.00143652067300564 1.79372143458432e-05 0.0988769180885427 -0.000714607035702758 -0.00130977717355217 -0.00113716946784242 0.048143448564693 -0.00134826525439922 0.00218816261422616 0.000653056896673804 -0.000759334051258583 -7.36887718654164e-06 0 -0.156495457795599 0 0 -0.000188908045093994 0 -0.00304234059673878 0.0040054046207076 0 0 0.000990450886453856 -0.00114275780087688 -0.00114544537551655 -0.000315411185264567 -0.175587555137434 0 0 0 -0.000593081263076964 0.00186103037462521 -0.118720829727902 0.000221865214245254 0 -0.00261795755347797 -0.000967034121748996 0.00210327315322151 0.00120957959947418 0.000267895498456335 0 0.229295755956887 0.00322409693238521 -0.000709634358792445 0.00188159499641845 -0.00132422056531248 0 0 0 -0.00142676674662091 -0.000145406638695471 0.00299458604618684 0 0.116996452829933 -0.00317750476829073 0 -0.00212581692801491 0.000177583085294952 0 0.00296192331195106 0 -0.000198692433328963 -0.00115548751066729 -0.00135709151624871 0.00192171707745834 -0.000176734265115057 0 -0.00225378905065596 0.00600614193484283 0.000973926407625147 0.00321027186392428 0 0 -0.00131243277741809 0.155733647983729 0 -0.000180195066666852 -0.00139899606304351 0 0 0 0
"6" 0.00112867671411106 -0.00106289405177214 0 0 -0.000333315504792275 1 0 0 0 0 0 -2.15275341849408e-05 0 -0.139995200712698 0.00015613291810454 -0.00248075130930049 0 0 0 0.000620263631342789 -0.000123277302058815 0.00099537933029028 0 0 -0.000728449608377316 0.00124833358103502 0 0 0 9.6165717790462e-05 0 0 0 -0.000709241468060935 0.000482687805436562 0 0.00273138174452113 -0.0013334777408766 0 0.00268730326610248 -0.000658404861630004 0 0 0 0 0 0 0 0 -0.00276736229491645 -0.00106864842239334 0 0 0 0 0 0 0 -0.000415486395848667 0.00089225777280431 -0.00288813064300693 0 -0.000830264191398118 0.000898102393801096 0 0 0 0 0 -0.00141929301263066 0 0 0 0 0.00112728240803375 0 0.000447214980775795 0 0.00117659980284372 0 0 0 0 0.000148474792796496 -0.0414631912756707 0 0 -0.00175754248445773 -0.00172142332939928 0.000534715630057552 0 0 0 0 0 0.000175474017621849 0.00329159784526396 0 0 0.00144603944261556
"7" 0 0 0.000699300718320585 0.0016734507138286 -0.00269863136399674 0 1 0.61453437391043 0.66065597987429 0.639775245552596 -0.134402565488497 0 -0.130763226716498 0 0 0 0.00101914900554689 -0.000586076613752772 -0.00267299895966525 0 0 0 0.00203949283994551 -0.000424916717684413 0 0.000637642910217862 0.00141260796397174 -0.00415476093703366 0.00307714180254511 -0.00161049891178917 -0.00291353765112231 -0.00983715004072446 0 0 -0.00278083662423946 0.000211008820298312 0.00304531415559705 0 0 0 0 0.00316945233684782 2.39906999630878e-05 -0.00298847565395851 0.00490521623365362 0.00519873212808984 0 0.00751174266614594 0.00169066845393272 0 0.0156228322748058 0.00273223234083665 -0.0113817613759828 -0.000607197099451593 -0.00435366805302133 0.000562396513480829 -0.000540661423028958 -0.00457926646686868 -0.000697205844118756 -0.0861933432754424 0 0.00162128281948102 0 0.00232731225917462 -0.00553638876424382 0.00153443549361895 0 -0.00141968633470363 -0.0045043264614938 -0.00790714542061086 -0.00761218962260398 -0.10598382715833 0.00191981945871054 -0.000143822054632486 -0.000348540002628374 -0.00507144545303868 0 -0.0232651413956832 0 -0.00274009464472828 -0.0030958262497725 0.0231747940108335 0.00682724100382751 0 0 0.00212615112753127 -0.00176840854592669 0 0 0 0 0.00598943706754566 -0.102917594166997 -0.0161817981366708 -0.000219945624733115 0 0 0 0 0
"8" 0 0 1.02175164461292e-05 0.000563542965044494 -0.000731763627581957 0 0.61453437391043 1 0.557995199219084 0.516221266563343 -0.222322360827214 0 -0.214039119701293 0.176031125076373 -0.0700547027807826 0 0.000613787304397651 0.000269941193167311 -0.00102891785034198 -0.00050305620757632 0 -0.000297888818481792 0.0025859327216924 -0.00141958209126665 -0.0630962267407632 -0.00181625273936544 0.000197387010036521 -0.00259854870514581 0.00272725862719636 -0.000591850050010724 0.00198688647384135 0.0451563390169029 0 0 -0.000867560062612054 -0.000903043848447023 2.69308786342944e-05 0.00206441049070486 0 -2.04102029387076e-05 0 0.000692440880280065 -0.000743871498335905 -0.000301509049291248 0.113065886639989 0.00290123145235274 0.155874049663492 0.00469812855995584 0.00141195761576869 0 -0.00439724925983805 0.00132609105472047 -0.0553639490213898 0.000236125974410179 0.000629915849841836 -0.00129881281032532 -0.00103552096711166 -0.000203375919385642 -0.00124459356324128 -0.153371112260939 0 -0.00166671750108287 0 -0.00197569327650677 -0.00186207304774585 0.00135134758957725 0 -0.00148719623944458 -0.00105610560882016 -0.00260646348001003 -0.0017612952351095 -0.194854240966391 0.001265106146856 -0.0010095088064039 0.000704388610150566 -0.000550943689874888 0 -0.0388860900574752 0 -0.00109637037859783 0.000921978327024282 0.111595196503446 0.00162281728622366 0 0 -0.000452859685505671 -0.00239869297700667 0.000745425599443983 0 0 0 0.00199462648976019 -0.148505710756628 -0.0341047788410255 -0.000424965675128035 0 0 0 0 0
"9" 0 0 -0.000664445482148229 -0.00158009295228443 0 0 0.66065597987429 0.557995199219084 1 0 0 0.000772831882500127 0 0.19387140423469 -0.0837791362208685 0 0 -0.000545926502067566 0 -6.81206569846786e-05 0 -0.00154269064050056 -0.00260268029900025 0.000686833867311187 0.00477622225741672 -0.000144639599764353 -0.00272293757020323 0.00371256903535485 -0.0031251536887083 0.00106373364748904 0 0.0267000950574076 0.000320517389147062 0 0.00254930313983703 0.000679909117033239 -0.00415049190455369 0.00175532275447631 0 -0.0103261416507535 0 -0.00215724752967501 0.000232421654647311 0.0031056542676814 0 -0.00322514842335698 0.12070753875355 -0.00599285679772556 -0.00135220744716104 0 0.0667224884525063 0 0 -0.00127163198730055 0.0025068195610912 0 0.0010730959574388 0.00309267066763538 0.00199523848775519 0 0 -0.00118105427940904 0 -0.00079947176455662 0.00522974382946569 -0.0025774803545208 0 0.00204760786489171 0.00529212183261497 0 0.00635724064036674 0 -0.0032537242459921 0 -0.000216158875100985 0.00190643761324093 0 -0.00889502432040612 -0.00225958993218919 0.00237920537963482 0.00272863607233311 0.0250598419742764 0 0 0 0.000224755914935645 0 -0.00215328119239798 0.000442334359183433 0 3.98580871719759e-05 0 0 -0.0614159371832729 0.000223368432213755 0 0 0 0 0
"10" 0.00104174167805831 -0.00419649001763425 -0.000381624327399153 -0.00145068866391076 0.00198256830762184 0 0.639775245552596 0.516221266563343 0 1 -0.185654894474753 0 -0.166428301610976 0.233834268482761 0 -0.0937085081407537 -0.00101131004851399 0.00108517518305141 0.00220165999184028 0 -0.00645419504032604 0 -0.00194148427545274 0.0019574816266158 0 0.00162488022266484 0 0 -0.0033919911828546 0.0016279351206962 0 0.0561370024988982 0 0 0.00329965986180001 0 0.000556032542965826 -0.00148671490507407 0 0 -0.0032579939816657 -0.0028175525810379 0.000353497023374335 0.00214511803035726 0.0287704086717639 0 0 0 -0.00223472343886127 0 0 -0.00431033233714837 0 0.00325050640905048 0.00310620540209648 -0.00132028617127826 0 0.00362814024215488 0 -0.154094816105249 0.00710828791661554 0 0 -0.0007097658339983 0 0 0 0.00205787276239364 0.00299077923031852 0.00599679724875404 0 -0.145895692380006 0.000784562672699073 -0.000421004203331983 0.00169124780703649 0.00493197201027521 0 -0.0155791099579062 0 0.00274103742329066 0.00242918606731953 0 -0.00777571027781984 0 0 0 -0.00187202003497081 0.000207183436785734 0 0 0 -0.00489872540243108 -0.173668811683349 0 0.000559017533053173 0 0 0 0 0
"11" -0.0011313970831058 0.000493418046277889 0.112540867190226 -0.000318250287120857 0.0746926905156158 0 -0.134402565488497 -0.222322360827214 0 -0.185654894474753 1 0 0.403526949064927 0 0 0 0.000136665839330251 -0.000449758624494565 0.000318290303217898 0 0 0 0.00346048313138828 0.0132313201880081 0 0 0 -0.000668126540206508 0 0.000668757817568408 0 -0.25652808087364 0 0 0.113515378766363 0 -0.0064617775793377 0 0 0 0 3.59812985775446e-05 0.00159186978912339 0.00413630208425416 -0.123436520241334 0 0 0 0 0 0 0.0506563849060399 0.0653608542081019 -0.00405643852178252 0.00430621929712372 -0.000804293734828511 0 0.00809041730198917 0 0.249313600022366 0 -0.000387264674935136 0 -0.00187282444359214 0 0 0 0.00229548781013599 0.00424197469932495 0.000980531090704569 0.000732022627506796 0.311537177996424 -0.000480612191233502 -0.00311507835318686 0 0.000454824552247879 0 0.265387446274679 0 0.000597335015951695 0.00592720717462223 0 0.220546904450528 0 0 0 0 0 0 0 0 -0.00190437907763196 0.295114763374711 0 -0.000351187840834566 0 0 0 0 0
"12" 0 0 0 0 0 -2.15275341849408e-05 0 0 0.000772831882500127 0 0 1 0 0 0.263292437260867 0 0 0 0 -0.00108650174337775 0 -0.0083508200407487 0 0 0.0577825382069471 0.000416720258362068 0 0 0 0 0 0 0.00150730757503465 -0.00433142674542325 0.0171421881579073 -0.000493065032822821 0 0.00155510600241264 0 0.00492313106175986 0 0 0 0 0 0 -0.108881119925109 0 0 0 -0.0961224306983113 0 0 0 0 0 -0.00163361849214357 0 -0.00519622290315481 0 0 0.163894815719034 0 0 0 0 0 0 0 0 0 0 0 0 0 0 0 0 0.00267430916609696 0 0 0.00258050186416762 0 0 0 0 0 0.00227326704792321 0.0622972556665226 -0.000294861847232716 0 0 0 0.0356906109524658 0 0 0 0 0 0
"13" -0.00388131741643379 0 -0.000924180817932574 -0.000217758368140476 0.0638195909050285 0 -0.130763226716498 -0.214039119701293 0 -0.166428301610976 0.403526949064927 0 1 0 0 0 0.00137971995924618 -0.00202087968378623 0.00067111173367924 0 0 0 0.00301241038068895 0 0 0 -0.0037525576831106 -0.00452110499000786 0.00278577725894368 -0.000691944953978213 0 -0.36752833238782 0 0 0 0 -0.00575138989719406 0 0 0 0 -0.000303054564324723 -0.00104016429302655 0.00575045769232387 -0.0888592107363728 0 0 0 0 0 0 0.0767181147596047 0.0429064381441112 -0.00976617127043277 0.00173749315584933 -0.00220805933972361 0 0.00410084470940913 0 0.221691985831156 0 -0.00319091961460349 0 0.00164280868557332 0 0 0 0.00221591427756396 0.00580968201881439 0 -0.00131206524554788 0.236931739819275 0.0344373812179789 -0.000240791109055331 0 -0.00315033587544834 0 0.341700769880403 0.00296714121607712 -0.000656242390333584 0.00745097877808889 0 0.194581499444987 0 0 0 0 0 0 0 0 0.0328958325806426 0.310753235678535 0 -0.00117307639539156 0 0 0 0 0
"14" 0.00043689166628361 -0.000188155035321818 0.000446655937403384 0 -0.087131338463999 -0.139995200712698 0 0.176031125076373 0.19387140423469 0.233834268482761 0 0 0 1 -0.275754063139721 -0.315493953341496 0 0 0 0.00280210709914678 -0.0627051756771708 0.00487126622045171 -0.000456085321158053 -0.000418816739673609 -0.0054235063234982 0.00559078321192889 0 0 0 0 0 0.295452724548708 0 -0.0010677378532112 0.0016861384458403 0 0.0130556828279127 -0.0240166170522516 -0.0354532909107372 -0.122045474622286 -0.00202628028621001 0.00275874713948933 -0.000461721666229272 -0.00377372630764321 0.131346384798388 0 0 -0.11500733703531 0.00163761046733396 -0.04305619233407 0.359485718485907 -0.0784376005428152 0 0 -0.00570230434803259 0 -0.00268506320715144 -0.0119521118388292 -0.000767437558840312 -0.172304717141995 -0.0673714623963706 0.0011066222507122 -0.00539408858424502 0.00736669691956182 0 0.0008152829318164 0 0.000466006161614665 -0.00295226752325881 -0.00511110106446897 0 0 -0.0391069609581952 0 0.00314084007034925 0 0 0 0 -0.0014162167931889 -0.00524942403698386 -0.00220452054882984 -0.075634166153342 0.00298175057938854 0.00879412704613644 -0.032180408036509 -0.00706758267148939 -0.00556062269197958 0.00105876510236051 0 -0.00187617553890766 -0.0454548597101517 -0.257600253283534 -0.225046346781582 0.000854269457719729 -0.000785960899260551 -0.0358778672376567 0 0.000624583620979914 0.00501342853956172
"15" 0 0.0047289054108148 -0.00159106423982539 -0.000593789917552459 0 0.00015613291810454 0 -0.0700547027807826 -0.0837791362208685 0 0 0.263292437260867 0 -0.275754063139721 1 0 0 -0.000310327538582241 0 3.94782572175193e-05 0 0.0128429853164812 -0.0039052295894066 0.150748868682808 0.0323157880175279 0.0034194673416217 -0.012108205920385 -0.00104379782369825 0.0112933010511385 -0.00468573508289785 0 -0.261837011870414 0 0.00472825256349443 0.239171365240618 -0.00416200306805346 0.00912788942514389 0.134386533464355 0 0.181382559739401 -0.00462532022410962 -0.00493803004976534 0.0893453975528018 -0.00181028955882816 0 0.0273743411655089 -0.225122096336391 0.222703146117813 0.000266177579589052 0.183925788390106 -0.163944326674802 0 0.0197542357219026 -0.00330508889225007 0.0911927272820632 -0.00243413618474929 -0.00144466102889604 0.0340472097814114 -0.00291371550678386 0.272327548627195 0.096132028483897 0.0238686387918885 0 0.00843139983825015 0.00390063374293299 -0.00143103677915614 0 -0.000743593317003622 0.00280585905560288 0.0831297582910715 0 0 0 0 -0.00124159196526335 0.0930527714283271 0 0.423473145866275 0.00294004894406549 -0.00126586145771428 0.0313343923834255 -0.00876860604862733 0 -0.00195147127136908 0 0.147178078920938 0.0144187906546601 -0.00210624620747527 0.0226226479166561 0.00202971109899027 0 0.0798682941319509 0.338326169100059 0.290853707570441 0 0 0 0 0 0
"16" -0.00963173625569471 0.000980446712436804 0 0 0.156186258689017 -0.00248075130930049 0 0 0 -0.0937085081407537 0 0 0 -0.315493953341496 0 1 0 0 0 -0.00602475960610551 0.299027606642312 0 0 0.0625525914986318 0.0902623071228219 0.00327146084194194 0 0 0.14552236853884 0 0 -0.427917529647717 0 0.0125058781832393 0.120994950841013 0 0.0630055874128584 0.148356314576452 0 0 -0.00629614543851945 0 0 -0.0109645306878224 0 0 0 0.288604940275041 0 0.118892242670798 -0.291482832692491 0.153103989948279 0 0 0.0710664888190383 0 0 0 0 0.357446348104433 0.187367088493624 0.000582611653627822 0.00567257073061886 0.00313958581302436 0.0214027922260361 0 0 -0.00894075261922691 -0.00418698887666788 0.230416981518653 0 0 0.159486604039623 0 0.0103551687190022 0 0 0 0 0.00193475336886515 0.0556800451226093 0 0.180056669225881 0 0 0.110831314262641 0.111484991986426 0.0280995980145785 0.0284853333282055 0 0.0461707174088424 0.175642054588388 0.519914709342923 0.344937135800853 0.00237975771236701 0.238219433048142 0.252753281873265 -0.00222352031593614 0.0516189382630998 -0.00375044982280943
"17" 0 0 -2.49278248081184e-05 0 1.49813541803266e-05 0 0.00101914900554689 0.000613787304397651 0 -0.00101131004851399 0.000136665839330251 0 0.00137971995924618 0 0 0 1 0.0662278775174711 0.00106258612349435 0 0 0 -0.000185597622290527 0 0 0 0 0.227244575851113 0 -0.000605219119065037 0 0.00085170762318535 0 0 0 0 -0.00101511405727114 0 0 0 0 0 0.0428485472147854 0 -3.54278390979114e-05 0 0 0 0 0 0 0.00148178901849252 0 0.0171719804417192 0 -0.000984180452384131 0 -0.000649998847560297 0 0.00155567175395094 0 -0.00176986681000234 0 -0.00169216613476465 0 0.000460334518729705 0 0.000149081859440255 -0.000202059148530738 0 -0.000366634514065849 0 -0.00206406932116784 0.00372221797482492 0 0 0 -0.00491308366849243 0 0.0872070039881567 0.000885789155260879 0 0.0023532251612086 0 0 0 0 0 0 0 0 0 -0.00143611108748739 0 -0.00066746504876231 0 0 0 0 0
"18" 0 0.00348046385849289 -0.000183905923827427 0.000369121773093169 -0.00078043157867243 0 -0.000586076613752772 0.000269941193167311 -0.000545926502067566 0.00108517518305141 -0.000449758624494565 0 -0.00202087968378623 0 -0.000310327538582241 0 0.0662278775174711 1 0.304380485617813 0.219027634662352 0 0.00168556980024092 0.000354206079147056 -0.00270672059447997 0 -0.00228789924149703 0.00257659282061601 0.248792498529322 0.0032792632977079 0.00035741927551124 -0.0014726318833608 -0.00488680486582512 0 0 0.0659769015696987 0.207898755578786 0.00483537932148923 0 0 0 0 -0.00399440391993772 -0.00137874040949669 -0.00263259761730595 -0.000765262002056283 -0.00561267922629793 -0.0187763165253344 0.0238408465740766 0.13745831554081 0 -0.0986782430391327 0.218007433054981 0.00347923893960193 0.00991476793273486 0.00429974928271155 -0.00394225300767462 -0.00421455825907186 0.0100022143914009 -0.0117433596790485 0.0017371630072085 0 -0.000736507601243091 0 -0.00470699193771583 0.00360589439865267 0.00461798934568964 0 -0.00140113512322169 0.199167280748257 0 0.0706774297054644 -0.00134605892807301 0.00465676376487718 -0.00800543819432809 0.00191742076880135 0.0172656087981406 0 0.000389433547837648 0 0.000122875939581236 -0.00198344968904607 0.00177419255206429 -0.00314700026784573 0 0 -0.00709306102071942 -0.0170771583154989 0 0 0 0 0.000726371280065538 0.0496727474062283 0.123583224495342 0.0383660073949469 0 0 0 0 0
"19" 0 0 -0.000275856174326088 -0.000990253105636707 0.00143652067300564 0 -0.00267299895966525 -0.00102891785034198 0 0.00220165999184028 0.000318290303217898 0 0.00067111173367924 0 0 0 0.00106258612349435 0.304380485617813 1 0 0 0 -0.0109765753505893 -0.00281296641067454 0 0.00130387400392213 0.00853904679480342 0.197888006342013 0.000332399042638174 -0.00138242906740266 0 0.00467666636732772 0 0 0 0 -0.00516434413873559 0 0 0 0 0.0531738677871802 -0.0070307325611723 -0.00522810597968141 -8.50953029369692e-05 0.0100243376662956 0 0.13212463970865 0.185396702848745 0 0.00434800529976751 0.138668307799688 0.0459733286870848 0.00594682180991019 0.00737464724416491 0.00695249256776742 -0.00177727132232299 0.0029899466974297 0 0.124575300270401 0 0 0 -0.00175286929515754 0.00955463028257256 0.00182749693852287 0 -0.00613794219378044 0.112530205695222 0.0115168472468522 0.00502711990213184 0.0196132674804655 0.0438922669280605 0.017357054977978 -0.000117654836974663 0.00989999665768561 0 0.00761583168754034 0 -0.00230353155635704 -0.0103206878984391 -0.000724612680154706 0.00440263602878123 0 0 -0.00165113385629186 0.00509677995644438 0 0 0 0 -0.00433446236810741 0.0898820081911653 0 0.0843867590822887 0 0 0 0 0
"20" 0.00173186942483616 -0.005602060004132 0.000316073920117339 -0.000544525304061075 1.79372143458432e-05 0.000620263631342789 0 -0.00050305620757632 -6.81206569846786e-05 0 0 -0.00108650174337775 0 0.00280210709914678 3.94782572175193e-05 -0.00602475960610551 0 0.219027634662352 0 1 0.000962533289918943 0.139286370186893 0.000976044445334019 0.00553402695785794 -0.00218837942200185 0.0116630110688255 0.0856030457220216 0.472552199041087 -0.0034050383979643 -0.000550897217105361 0 0.00487375968935979 0 0.046697065090999 0.220262614164101 0.229053552006531 0.119112033279146 0.0909555269777354 0 0.188590091595531 0.0524149591390299 0.248554841774139 0.1088987832754 0.0178547301660914 0 0.0987056140329528 0.000346567027310434 0.20910017956721 0.525422725305002 0.0798969023896727 -0.0418245525379679 0 -0.00424979751116076 0 0.156116663643765 0.00349947954283072 0.277546851786847 0.175638194842616 0.031609065368396 -0.0021420355916475 0.136749701477665 0.0033457716509818 0.00545770211545503 0.0556135049198191 0.115792987345284 0.035231853124294 0 -0.00123962743963241 0.20805565922895 0.00389198008143839 0.216283520060528 -0.00145551490917985 0.140771863183513 0 0.0555833300588267 0.226089927111327 0 -0.00367818033362703 0.129944505585765 -0.00171422585687534 -0.00399809020322422 0.00168803357369327 0 0.030651461317039 0 0.187917939726342 0 0.254415931919453 -0.00271029662455128 0.00130656967619173 0 -0.000637529311545548 0.0391844447971695 0.210032662691237 0.00125962829134738 -0.0101923407036788 0 0 0 0
"21" -0.00294361246866401 -0.00491142559711537 0 0 0.0988769180885427 -0.000123277302058815 0 0 0 -0.00645419504032604 0 0 0 -0.0627051756771708 0 0.299027606642312 0 0 0 0.000962533289918943 1 0 0 0 0.31330844261986 -0.00495920009958599 0 0 0 0 0.00145084680814147 0 0 0.0333347841971917 0.277803009401637 0 0 0.133387101578196 0 0.144642206898633 0.0113550341309628 0 0 0 0 0 0 0 0 0.257730555751724 0 0 0 0 0 0 0 0 0 0 0.224801827396282 0 0.00079753034504212 0 0 0 0 0 0 0.20906754231761 0 0 0 0.0031113706327828 -0.0040568245704741 0 0.00573633052782884 0 0 0 0 0 0 0 0.0488383248301395 0 0 -0.00247522381892994 0.0908359404446575 0 0.0998373720875376 0 0.410125195140786 0 0 0.196216333900989 0.237893925004844 0.0146126076552562 0.0783321938115665 0.0624226280688197
"22" 0 0.14633815728274 -0.00139796127310012 0.000109294446659644 -0.000714607035702758 0.00099537933029028 0 -0.000297888818481792 -0.00154269064050056 0 0 -0.0083508200407487 0 0.00487126622045171 0.0128429853164812 0 0 0.00168556980024092 0 0.139286370186893 0 1 0.248523490324984 0.318643496467648 0.00351980994267483 0.203521158287175 0.314967139727168 0.171676402217699 0 0 0 -0.041474339207111 0 0 0.16804766778262 0.115460007534882 0.303205578571166 0.123387146945567 0.0179255970583219 0.228993902164014 0.228463067537859 0.427839092968167 0.214143002089627 0.174810470445182 0 0.3563607648025 0.00137599741137115 0.227103424563664 0.187054286809268 0.250153666104495 -0.102927410846751 0 0.00944103417710483 0.358377899580114 0.301968420091368 0 0.215687210308396 0.0964068249827719 0.145630456642524 0.000135505790957307 0.267132066153673 0.0353671865445994 0 0.252295191154379 0.229081388487685 0.160626640305044 0 0.216636649319749 0.187124749024017 0.186507841331685 0.208336438672328 0 0.413012543549655 0 0.0398245796209434 0 0 0 0.181991302970847 0.30877638136136 0.377706495711767 0.155988620346145 0 0.359330485710216 0 0 0.205933633367396 0.185234739471162 0.172675093223663 0 0 -0.00429809598514393 0.032193968524226 0.0607277808527349 0 0 0 0 0 0
"23" 0 0.265877652754945 0.000848135603452217 0.0009993147516306 -0.00130977717355217 0 0.00203949283994551 0.0025859327216924 -0.00260268029900025 -0.00194148427545274 0.00346048313138828 0 0.00301241038068895 -0.000456085321158053 -0.0039052295894066 0 -0.000185597622290527 0.000354206079147056 -0.0109765753505893 0.000976044445334019 0 0.248523490324984 1 0.0552402250188904 0.00295331630128417 0.490991202466766 0.500134259495968 0.154242459217807 0.0469151528785273 0.0911513634744604 0.061976693366156 -0.00748793982788497 0 0 0.0102954225928086 0.0565232321999342 0.567844399528518 0.363816631534796 0 0.173172763832574 0 0.34804562219551 0.276416665646095 0.166991309831267 0.193158854249936 0.394437258950524 0.00159286724714206 0.208043676436553 0.236543711831687 0 -0.0120437771321624 0.00419095412235512 -0.00739532959074451 0.484133860772581 0.425253291463872 0.199072567495712 0.182449298056602 0.33909458263327 0.456533556033306 0.0128517069269419 0.200324086933053 0.0844051209058607 0 0.474947848305292 0.410164226242947 0.229067103232621 0 0.474087050731821 0.259014966124017 0.0199452499168969 0.052267091347627 0.00596909437331425 0.413350113633306 0.222467195578277 0.307493313697819 0.379223164545241 0 -0.0115667821995861 0 0.1562137476423 0.35464548612037 0.398485960318175 0.0653704753759356 0.320186084935415 0 0.486987463484738 0.41498706572237 0.203817641305904 0.22020947810186 0 0 0.164457007273224 -0.00886100808007159 -0.00790044141507092 -0.00287403763223887 0 0 0 0 0
"24" 0 0.177203476037968 0.00129941106389939 -0.000231353063409814 -0.00113716946784242 0 -0.000424916717684413 -0.00141958209126665 0.000686833867311187 0.0019574816266158 0.0132313201880081 0 0 -0.000418816739673609 0.150748868682808 0.0625525914986318 0 -0.00270672059447997 -0.00281296641067454 0.00553402695785794 0 0.318643496467648 0.0552402250188904 1 0.0417715078228952 0.0738898576818059 0.135014193061872 0.00114673722248383 0.229551486980013 0.212679357018199 0 -0.206683292785412 0 0 0.116886382769352 0.0313132384940727 0.149006645186483 0.101894144218065 0 0.0515228951196027 0 0.169820802518296 0.105228061534042 0.0338238661066471 -0.00338640460580244 0.226745566779437 -0.00240437429298655 0.243395753431192 0.00348101986096541 0 -0.0688389582019566 -0.000842686616555157 0.1248167286929 0.0758210806162078 0.226130429988566 0.0873867345460097 0.00335895870623307 -0.000469718407867929 0.0271338134438884 0.03218441324139 0.153955722008842 0.219552316696091 0 0.0988364782796366 0.192773094973119 0.0872253392344937 0 0.114532610825246 0.0039968053118691 0.149814104132965 0.0545828413846536 0.193244585582989 0.31866842862247 -0.00661742594121441 0.00168572605407307 0.134480872650899 0 0.329137905585446 0 0.10383733221709 0.336592819369322 0.0130164438462139 0.315820913496582 0 0 0.210812578032033 0.173129346899358 0.00044921204016951 0.193316108914913 0 0.0606573871318967 0.0344764482428624 0.179046046461436 0.0105179243294363 0.000878778832356459 0.185031577809254 0 0 0 0
"25" 0 -0.00656899111126096 0 -0.00102998653605774 0.048143448564693 -0.000728449608377316 0 -0.0630962267407632 0.00477622225741672 0 0 0.0577825382069471 0 -0.0054235063234982 0.0323157880175279 0.0902623071228219 0 0 0 -0.00218837942200185 0.31330844261986 0.00351980994267483 0.00295331630128417 0.0417715078228952 1 -0.000392221706510373 0.00134074937246386 0 0 0.00246822137758446 0 -0.169811459710889 0 0 0.126175973039649 0.0305602528729766 7.08811980655642e-05 -0.00537458349638407 0 0.0791680546516208 -0.00219862689886581 -0.00304289628167443 0.000736996003757979 0.0110940571431938 0 0 -0.114412334116146 0.135200485419488 3.48256327172224e-05 0.0620161432371154 -0.09737600952276 0 0 0 0.00526247587741694 0 0.00366477542582285 0.00526266685109002 0.00278312429859707 0.312883209397103 0.141816569130555 0 0.00432378820695048 -0.00134180531198614 0.00096686732186287 0 0 0.000724547793500267 0.016574264337015 0.236717898244621 0 0 0.0544763725515134 0 -0.00407623377160836 0 0 0 -0.00233438817794886 0.0014379469050705 0.00230188135584831 -0.000698784970257125 0 -0.00537657595950465 0 -0.00165731885906128 0.00113153217425301 -0.0024804919018891 -0.00074160058253085 0.314882392647233 0.000978274125930267 -0.00278419477439093 0.240007558953907 0.249819066942785 0 -0.00157669898643896 -0.00234681732554978 0 -0.00131146843952378 0
"26" 0 0.268106222784002 0.000802018727754506 -0.000911506037166834 -0.00134826525439922 0.00124833358103502 0.000637642910217862 -0.00181625273936544 -0.000144639599764353 0.00162488022266484 0 0.000416720258362068 0 0.00559078321192889 0.0034194673416217 0.00327146084194194 0 -0.00228789924149703 0.00130387400392213 0.0116630110688255 -0.00495920009958599 0.203521158287175 0.490991202466766 0.0738898576818059 -0.000392221706510373 1 0.435909523059086 0.0461189302635168 0.0412897527049729 0.0967310471432804 0 0.00297680878432864 0 0 0.0244085443596681 -0.0135002199011442 0.423692048656931 0.302527420750528 0 0.157350010158604 0.157050864798743 0.253255179756671 0.296352205617642 0.165616006193832 0.101068049501431 0.299432346815883 -0.000116518168897319 0.114419064266604 0.200634998483427 0.211587759515133 -0.00805429933805311 0 -0.00414527561280938 0.334498105047515 0.363247908456814 0.131523306182774 0.104327195070312 0.252545345837475 0.277231350384252 -0.00380143912370857 0.123826307380305 0.152397028947083 0.259084064312545 0.519407750273998 0.327469427622927 0.233087559907197 0 0.269192662576751 0.0960709440697849 0.0213624615624674 0.056948145743012 -0.00590886022526858 0.293491982941724 0 0.186548230187697 0.345879328125035 0 -0.00207734271342032 0.287502804511285 0.11716088125903 0.30794140848305 0.365414949201854 0.12219756440011 0.25368773363192 0 0.469084458512932 0.381702869128861 0.153737390274032 0.276553499880663 0.00557941838859517 0.112447441562874 0.158869789411101 0.0265598432698825 -0.0118461242607104 0.00114242870869095 0.113241286853406 0 0 0 0
"27" 0 0.261589854192095 0.00083450108574979 -0.000747631745431339 0.00218816261422616 0 0.00141260796397174 0.000197387010036521 -0.00272293757020323 0 0 0 -0.0037525576831106 0 -0.012108205920385 0 0 0.00257659282061601 0.00853904679480342 0.0856030457220216 0 0.314967139727168 0.500134259495968 0.135014193061872 0.00134074937246386 0.435909523059086 1 0.281223072445289 0.119292499641819 0.175397809154723 0.126627537567356 -0.044000568842773 0 0 0.0840874489496377 0.103174755302143 0.439692219219902 0 0 0 0.177543106564269 0.329025927517687 0.321731500187874 0.159483994238022 0.090515649382538 0.518862427259917 -0.00647412118432502 0.193040519397147 0.228343059581929 0 -0.0896996242142034 0.0369333819250329 0 0.486106506144947 0.338840325805347 0.305542773307434 0.281547181816388 0.284009449030047 0.414885119220053 -0.00741448245352266 0 0.112677138932652 0 0.474203490381236 0.48004365702014 0 0 0.420643097374884 0.231966433926856 0.0669802122112068 0.254667847130187 -0.00402690035177718 0.378617675870542 0.20984736209872 0.204935926751744 0.400580718631865 0 0.0930342688979739 0.310372714495547 0.249762468476708 0.379394874133289 0.274364932147932 0.182711732854125 0.35682259887992 0 0.399498676631867 0 0 0.243933502615789 -0.00146291926178886 0 0 0.0394046269498731 0.0164917281185091 -0.00156539576063744 0 0 0 0 0
"28" 0 0 -2.64146082195176e-05 -0.000692513346616299 0.000653056896673804 0 -0.00415476093703366 -0.00259854870514581 0.00371256903535485 0 -0.000668126540206508 0 -0.00452110499000786 0 -0.00104379782369825 0 0.227244575851113 0.248792498529322 0.197888006342013 0.472552199041087 0 0.171676402217699 0.154242459217807 0.00114673722248383 0 0.0461189302635168 0.281223072445289 1 -0.0124693029580025 0.00208356576283231 -0.00131092739040631 -0.0430151965113108 0 0 0.175295915951679 0.149671373447476 0.19696636426437 0.202901082025679 0 0 0 0.243835049124858 0.153963715075742 0.0589571144259729 0.000548226905664723 0.146515562800286 -0.00134304837077968 0.203159108110858 0.423279101294461 0 -0.200723120442219 0 0.00173591072696843 0.300396922796986 0.214932838535169 0.00952585431009099 0.225351709211775 0.214160204919437 0.186579775937833 -0.00854203050710511 0 0.00763531424373575 0 0.104378040836659 0.189672893092631 -0.00419215353135799 0 0.0761057837201986 0.406542081814135 0 0.202488311577013 -0.00583387713066823 0.214229810092686 0.173227554337793 0.0841646975225139 0.263170931116187 0 0.0200655957183186 0.111533250058212 0.0044009949501967 0.0271837236049222 0.00135379604057206 0.0681533727664728 0 0 0.213108943940902 0 0.258947797398801 0.00592123057447506 0 0 0.000870930247068573 0.124483444429369 0.194323217088548 0.00252950885322024 0 0 0 0 0
"29" 0 0 -0.000574693568611108 0.000894438627481322 -0.000759334051258583 0 0.00307714180254511 0.00272725862719636 -0.0031251536887083 -0.0033919911828546 0 0 0.00278577725894368 0 0.0112933010511385 0.14552236853884 0 0.0032792632977079 0.000332399042638174 -0.0034050383979643 0 0 0.0469151528785273 0.229551486980013 0 0.0412897527049729 0.119292499641819 -0.0124693029580025 1 0.44410921473717 0 -0.124997145946556 0.00071559759139259 0 -0.000394015182995231 -0.0074414886132395 0.149770815402602 0 0 0 0 -0.000780725548275945 -0.0030480670343105 0.102143706257223 0.0008618261428766 0.170504905073992 0.0031064941621626 0.0983805066687062 0.00016844100855936 0 -0.0371981708163349 -0.00117113076013602 0.0307111875952979 0.103837837764066 0.0733004747598825 0.356879216885441 -0.0215267722537059 0.00929733109323757 0.0224733531806334 0 0 0.263471163020078 0 0.104514246166728 0.0101735508457711 0.0277577895764004 0 0.260485589193989 0.0010484852773693 0.0948152238970338 0.000297811751689539 0.00478314435368126 0.126085831675355 -0.00832337466763968 0.0182700397403723 0.0952614074152645 0 0.194155180245203 0 0.000610724722271975 0.335859345045562 0.0326209887310338 0.161626346199247 0 0 0.0845256663193661 0.148537485087958 0 0 0 0 0.0749448527918477 0.0787854520454166 -0.00578933572057338 -0.00158323424359965 0 0 0 0 0
"30" 0 0.238700686380947 0.000412249535488712 0.00015596548173883 -7.36887718654164e-06 9.6165717790462e-05 -0.00161049891178917 -0.000591850050010724 0.00106373364748904 0.0016279351206962 0.000668757817568408 0 -0.000691944953978213 0 -0.00468573508289785 0 -0.000605219119065037 0.00035741927551124 -0.00138242906740266 -0.000550897217105361 0 0 0.0911513634744604 0.212679357018199 0.00246822137758446 0.0967310471432804 0.175397809154723 0.00208356576283231 0.44410921473717 1 0 -0.00279589611560993 0 0 -0.0018935121323578 0.00154695978858237 0.170027783729791 0.0112975593876734 0 0 -0.00340737753505865 0.0815912888079061 0.00654649903454262 0.11818329786558 -0.000377470168323867 0.151185567029808 -0.00194565874497385 0.0186067965105168 0.00262872703337219 0 0.00297136903236429 0.00130744441903956 -0.00191070188000023 0.0632187070838421 0.0308006305795336 0.469638940186534 0.00975476918935956 -0.00212458722187505 0.0156902023646898 0.00183164650150555 0 0.345364897804262 0 0.198015649437858 0.00766010875324475 0.0889443264985056 0 0.292420384028266 -0.000648986530521079 0 0.0319461188574015 0 0.137087735654351 0.00281500148576339 -0.0067776008074728 0.0931048170410026 0 0.0352948952199107 0 0.0390996199161152 0.366176534220952 0.176390283910767 -0.00752262970943444 0.101169530941885 0 0 0 -0.0158064334237596 0.35463539276332 -0.00568846577355444 0 0.0011346896578703 -0.00144063734570454 0.000540316575748364 -0.00079672746549502 0 0 0 0 0
"31" 0.463241781593935 0 -0.00224167394872962 -0.000635922540777371 0 0 -0.00291353765112231 0.00198688647384135 0 0 0 0 0 0 0 0 0 -0.0014726318833608 0 0 0.00145084680814147 0 0.061976693366156 0 0 0 0.126627537567356 -0.00131092739040631 0 0 1 0.0121204459441985 0 0.177930085138626 0 0.0043425193596978 0 0 0 0 0 0.0850066616204695 0.0224528359975404 0 0 0 0 0 0 0.0835403166666381 0 0 0 0.101958738932858 0.034605202895133 0.322076317866541 -0.0148759664489869 0 0 0 0.0336051500868218 0 0.011373610414896 0 0 0 0.0208325147852526 0 0.000140235616529373 0 0.0554741506013033 0.00387284873856217 0 0.0013981321337019 0 0 0 -9.02519532811586e-05 0 0 0 0.196546816774512 0 0 0.228989120655383 0 0 0 0 0 -0.00426389622338142 0 0 0 0 0.0876411507772307 0.232566351090757 -0.011493347921297 0.42179044769371 0.0280825402148391
