"V1" "V2" "V3" "V4" "V5" "V6" "V7" "V8" "V9" "V10" "V11" "V12" "V13" "V14" "V15" "V16" "V17" "V18" "V19" "V20" "V21" "V22" "V23" "V24" "V25" "V26" "V27" "V28" "V29" "V30" "V31" "V32" "V33" "V34" "V35" "V36" "V37" "V38" "V39" "V40" "V41" "V42" "V43" "V44" "V45" "V46" "V47" "V48" "V49" "V50" "V51" "V52" "V53" "V54" "V55" "V56" "V57" "V58" "V59" "V60" "V61" "V62" "V63" "V64" "V65" "V66" "V67" "V68" "V69" "V70" "V71" "V72" "V73" "V74" "V75" "V76" "V77" "V78" "V79" "V80" "V81" "V82" "V83" "V84" "V85" "V86" "V87" "V88" "V89" "V90" "V91" "V92" "V93" "V94" "V95" "V96" "V97" "V98" "V99" "V100" "V101" "V102" "V103" "V104" "V105" "V106" "V107" "V108" "V109" "V110" "V111" "V112" "V113" "V114" "V115" "V116" "V117" "V118" "V119" "V120" "V121" "V122" "V123" "V124" "V125" "V126" "V127" "V128" "V129" "V130" "V131" "V132" "V133" "V134" "V135" "V136" "V137" "V138" "V139" "V140" "V141" "V142" "V143" "V144" "V145" "V146" "V147" "V148" "V149" "V150" "V151" "V152" "V153" "V154" "V155" "V156" "V157" "V158" "V159" "V160" "V161" "V162" "V163" "V164" "V165" "V166" "V167" "V168" "V169" "V170" "V171" "V172" "V173" "V174" "V175" "V176" "V177" "V178" "V179" "V180" "V181" "V182" "V183" "V184" "V185" "V186" "V187" "V188" "V189" "V190" "V191" "V192" "V193" "V194" "V195" "V196" "V197" "V198" "V199" "V200"
"1" 1 2.10500672126697e-23 0 0 0 0 0 1.19065768596349e-22 0 -2.91165295333253e-22 0 0 0 0 0 -4.44307095237587e-22 0 -4.29300513510883e-22 0 -4.64329522518348e-22 0 0 0 0 0 4.26902643014811e-22 0 0 0 0 0 0 0 0 0 -5.49893281464296e-22 -5.58951810333561e-23 9.17024697114962e-23 0 0 0 0 0 0 0 0 1.0959660803831e-22 0 0 0 0 0 0 0 0 0 8.2222428131896e-22 0 1.6841724985681e-22 0 0 0 0 3.02201850799815e-22 0 0 0 0 1.91602972230242e-22 0 0 0 0 0 7.43693621779859e-23 6.01092604785823e-23 0 4.28639632201921e-24 0 0 0 0 0 0 0 0 0 0 1.48033615690715e-23 0 0 0 0 0 0 0 -4.8358733811227e-22 0 0 0 2.63238659649227e-22 0 -3.7004546876634e-22 8.39170600812662e-22 0 0 0 -6.70568551820147e-22 0 0 0 -1.7632808315881e-22 0 0 0 0 0 0 0 5.34985556789953e-22 0 0 0 9.59626156258278e-22 0 0 0 6.34894755652417e-22 0 0 0 0 0 0 -7.35772073652408e-23 -4.26957392714878e-23 0 0 0 0 0 0 0 0 0 -3.05657135719146e-22 -3.60681550022108e-22 -2.13120563782539e-22 0 0 -2.14540272385919e-22 0 0 0 0 1.01679893774675e-21 0 -4.10727211719534e-22 1.77648960092577e-22 0 0 0 0 0 7.63289991133872e-22 0 0 0 1.42415263495255e-22 6.79391865652596e-22 1.03537555118686e-21 0 2.86902950618916e-22 -6.44797324018929e-22 0 0 0 0 3.51275820472878e-22 1.12745735199703e-22 9.88457929159889e-22 0 0 3.07490191084988e-22 1.48504606016259e-21 0 -1.94282238015113e-22 0 0 0 3.6508583769699e-22 0 7.59912045651256e-23 0 0 0 0 0 0 0
"2" 2.10500672126697e-23 1 -0.019324777714228 0 -4.93644491214255e-06 0 0 0.000196933801107616 3.76891135289877e-06 -0.000137425726188805 5.26290021256592e-05 -1.61470803795719e-05 0 0 0 -0.000108514266376943 0 -7.82498022908646e-07 -0.000409009473580512 3.33978526609816e-05 0 0 0 0 0 0.000158218077825647 0.000130250648070077 0 0 0.00114865496848093 -8.49788739568935e-05 0 0 0 0 -7.22016510039972e-05 -0.000135514194043369 2.78529592716983e-06 0 -5.39147831700129e-05 0 0 0 0 0 5.79888412390942e-05 6.58178575622571e-05 -0.000547752418624184 5.77308620357961e-05 0 0.000328886679101901 4.97320034941632e-06 0.00079738517321519 0 0 0 0.000972912905446332 0.00030295112133066 0 -0.000159727414356264 0 0 0 0.000348500747429043 -0.000427479167129994 0 0 0.0237940188612135 0.000740441085661181 0 0 0.000368570943282572 0 0 0.00145989006786701 0 -0.000894157623476275 0.000328697314629925 0 5.14953890265191e-05 0.000240882136250782 -0.00102608707596956 0 0.00605917425415618 0 0 0 0 0.000132867625625968 0.0014860217887359 0.00129261113061625 0 0 6.97375054564236e-05 0 0 8.14665488899932e-05 -0.000949043699421365 0.00173983445238484 0.0295554950051875 -3.77994838306704e-05 -0.00031151019285494 -2.23055239686762e-06 0.00115942243949286 0.00069261572978835 0 0 0 0.132404363874851 0 -0.000420518420031828 -0.000282232539366853 0 -4.98826547777406e-05 -0.000706547812015888 0.0010350256303888 0 0.00291773755788703 -0.000394175553569171 0.000150076770644662 0 0.0746755376948333 0 -8.51218375849134e-05 -0.00190637048689983 0 0 0.00108037513562191 0 0.000121468890569138 0 0 0 -0.000227019028979181 -0.000100404899158966 -0.000477924166926988 0 0 0 0 0 0 0.000616144171977267 0 0 -0.000360942409848245 -0.000323969455047716 -0.00029831870249316 0 0 -0.000388483917578192 -0.00023689886867619 0 -0.00294090340627342 -0.00246697341669889 0.000262242761361662 0 0.000175952072131969 -0.000821281841165916 -0.000450246526656713 0 0.00145223950686622 -0.000933765320028698 0 -6.0378495962383e-05 7.60000287312791e-05 0.00120647350185463 0 0 -0.00111569918464722 0.000405251385496337 0 -0.000608184326440713 0.000401530683453596 0.000250916007006783 -0.000891398177979223 0 0.000258211593913793 0.000109099689411729 -7.52817111218802e-05 -0.000725622546805905 0 0 0.000169600550208712 -0.000345372645216557 0 -8.56820704906832e-05 0 0 0.000200593580577909 -0.000844236808071118 0 5.64052437464308e-05 0 0 0 0 0 0 0
"3" 0 -0.019324777714228 1 0.143189674832412 0 -0.00133768318427497 0.000403448017489013 -0.00147597536531193 -0.000409938217484927 0 -0.00112715981566264 -0.00144071613277751 0 -0.000878020948747369 0.00264389571275249 -0.00103229872626414 0.00131498354125929 0 -0.00220330766074025 -0.00172690054868273 0 0 0.280991991396033 0.281854464901149 0.100697714144399 0.0683277302090873 0.00114734360239047 0 0.00136111641914078 -0.0011083851946068 0.000544590550287294 -0.000436880472964674 -0.00359966419783235 0 -0.00276142816027753 0 0 -0.000453863956760511 0.000227088128158387 6.44252164988706e-06 -0.000318434141321157 0.000509471968960122 2.9058599072087e-05 0.000731308881268971 -0.000739191356641038 0.000737211803998092 0 0.00385105906302035 -0.00195226338136934 -0.00211461606250926 0.0034464749472297 0 -0.00277046960972935 0.00197079934121139 -0.000450781864262232 0.00271161712764709 0 -1.94529073930506e-06 0 -0.00830317512380294 0 0.000460325154715391 0.00375247060162298 0 -0.00214084045073698 0.000724804006762499 -0.00208842931294838 0.00109625969380249 0.00144942349924169 0 -0.000310908602899032 -0.00109815102929162 0 0.00339577918080337 0 0 0 0 -0.00377302573207174 -0.00508391221862183 0.00207013329386322 -0.00384823496158145 0.00225439806276113 -3.53517317393531e-05 0.00194607064858236 0 0.00105100087581658 0 0 0.00350712063066106 -0.000298897266191279 0.00489532834622813 0.0057447880549229 0 -0.00336756519876982 -0.000371773467660063 0 0 -0.00165819229028699 0 0 0.00111634167196791 0 0 0.000781904749000925 -0.00447684932153147 0.00338732642955769 0 0.000559377771927165 0.00215743605968017 -0.000969638017069307 0 -0.00196006157558072 0.152757415720719 -0.00112460361469736 -0.00181770270261111 0 -3.88503786855749e-05 0 0 0.000212681770507872 0.00189929046901024 0 0 -0.00104038154862773 -0.00150706125362272 -0.0010996874589322 -0.000421520434069343 0 -0.000868554435325801 0.275412605502395 0 0 0 0.00371838775532635 0 0 0 0.000472952446526884 0.00130514402300543 -0.00180034477261343 0 0.249808077988662 -0.000637869153092941 0.00172158950145133 0 0.00525065331828235 0 0.00146782511802932 0.0646144068936534 0 -0.000315387269750958 0 -0.00292221034494888 0.00334076501650199 0.00408099028630714 0.0926291207407993 -0.000811784961563504 0 -0.00126817175846963 -0.000501141056846199 0 0 0 0.00421229944601978 0 0.000440816191109543 0 0 0 0 0 0 0 0.0108246550099868 0 0.00798657787134697 0 0 0.00266181806005702 0 0.00049175495513746 0.00132943503445496 0 0 0 -0.0016297385612547 0.00228173315040499 -0.00112540919255139 -0.000878982520128033 0 0 0 0 0 0 0 0 0 0
"4" 0 0 0.143189674832412 1 0 -0.00068002046126971 -0.000192315925255339 -0.000818781106014258 0.00158660362797631 0 -0.000446239513489764 0 0 0.00014314259099522 0.000357474369418203 -0.000447687429321526 6.00561557592127e-06 0.000250308816990212 0 -0.00104333382708502 0 0 -0.0015418230872789 0.25911742674807 0.239760341946658 0 -0.000240456611458149 0.000193349855228909 0.00189215591840227 0.000204887919868322 0.000280475027014675 0.000234477956279967 -0.000577319014399898 0 -0.00145704404571804 0 0 0 0 -0.000317588161426962 0 8.40228059037754e-05 5.44219070835229e-05 -6.49597721444771e-05 -0.000279711732977295 0 0 -0.00155813792206303 0.000213139233952986 0 0.000976195003480816 0.000929278187813522 -0.0012375447782938 0.00214222384901679 -0.000136941434930219 0.117524154925078 0 0.250200920660751 -0.000970921476830176 0.000347837521618072 0 0.00280291003835779 0.00245637742067878 0 0.0918334731350094 0.000202071086561244 -5.51663978989909e-05 -2.09817663099087e-05 0 0 -0.000719387943342246 -0.00102024532051636 0 0.00155483023966809 0 -0.000585444939119567 0 0 -0.00211672827115894 -0.000461470938857798 0.000383890207260043 0.00135119446565855 0.00268387889951977 0.00156273621298806 -0.00161550227570172 0 0 0 0 -0.00304155531290346 -0.00535088016671717 0.00110409427419201 -0.00177680629997504 0 -0.00216820313644598 -0.00234210722378994 0 0 0.00105882634244396 0 0 -0.000676720221750772 0 0.000713664727541054 0.00174740331431217 0.00313682021335868 -4.29468385519973e-06 0 -0.00019775306138714 -7.64234803124111e-05 9.49011921646642e-05 0 -0.000538556087410387 0 -0.000433139806402277 0.00194154857310657 0 -0.00201246003327822 0 0 0.000939376457111575 0.000316710322936095 0 0 -0.000905162574415786 -0.000897224649196134 0.000509197510026239 0 0 0.000694170365243518 0.177834499239853 -0.00195821433068001 0 0 0 0 0 0 0.000377455433010296 -0.000552842040462644 0.000756209109394188 0.281090280776672 0.135564963722694 0.000192785967991072 -0.00179967514698352 0 0.00185727582534743 0 -0.0018717189060835 0.289705809346778 0 0.000272160696500636 0 -0.00329783341226832 0.000411520902926185 0.0064825285704785 0.408177945484744 0.00207958707403157 0 -0.00179868705877008 0 0 0 -0.00283422470388206 0 0 0.00137568254214039 0 0.0998617974429545 0 0 0 0 0 0 0.000869449313005103 0.00176953904085544 0 0 0.000367688954610692 0 0.00075397634252924 0.00124546500576214 0 0.00547516369019967 0 -0.000333726415010843 0.00285040673402497 8.50957000488197e-05 -0.00256913279877984 0 0.00190908175454718 0 0 0 0 0 0 0 0
"5" 0 -4.93644491214255e-06 0 0 1 -4.96733023648329e-05 -0.000129833353254858 0 1.89271057919313e-05 0 0 -7.34473402959957e-06 0 0 0 -0.00432565655021534 -0.00755153978892059 0 0 0 0 0 0 0 0 -5.66482098873201e-06 0 0 0 0 -1.00052873334801e-06 3.71567738069655e-06 3.11218052366732e-05 0 0 -2.75016264522862e-05 2.15326640569976e-05 0 0 5.85605651500759e-06 0 0 0 0 0 6.69956485768906e-06 0 4.05723236648124e-05 -3.42245846573695e-05 0 -5.23870068086706e-05 -4.02318699465101e-06 -3.13551432782972e-05 0 0 4.31710130389302e-05 4.63560961410536e-05 0 0 0 0 0 0 0 4.59315915658334e-05 -2.85178793785849e-05 -6.05468517337164e-05 -1.5442544704559e-05 0.000174005807270775 0 0 0 0 6.1482426410386e-06 0 0 8.57348779903352e-05 0 0 0 -2.50982281496449e-05 5.6629524084328e-05 0 0 3.39379738136235e-05 0 -5.42504649895725e-05 0 5.33606769946832e-06 -0.000124403339656787 -7.75136066812203e-05 0 0 0 -1.44540340684936e-05 0 0 4.30506177140447e-05 -0.00011841996803672 -5.86875335231452e-07 5.00685791699606e-05 1.3930328950235e-05 -0.00515952653798205 0 -3.36188601939996e-05 0 0 0 0 0 9.79249984276388e-06 0 0 -1.88936937030411e-05 0 -7.32687840932206e-05 0 0 0 -1.32354903958458e-05 5.039119702119e-05 -4.25172144186805e-06 -2.13863086263744e-05 0 9.4484233592883e-05 2.94959190302325e-05 1.58133698929179e-05 5.61145555852339e-05 0 -2.0782959223177e-05 2.62726621296894e-05 0 -2.5372434400789e-05 -4.42200297100399e-05 -4.01767425447707e-06 0 0 0 0 0 0 3.62257355046902e-06 0 0 0 0 5.35963622494429e-05 0 -6.19543152783696e-05 0 0 0 4.75511952350985e-05 7.73344944664204e-05 5.41790713014284e-05 0 -2.96197701122697e-05 0 2.53051873170275e-05 0 3.70945312889447e-05 -3.57600678819422e-05 0 1.51182415326825e-06 4.17192872049643e-05 0 4.57389077962265e-06 -0.00562521182037918 0 0.000123299407611214 0 0 1.93675547197089e-05 0 -0.000271921805501007 0 0 0 1.30719036900146e-05 0 0 0 0 0 0 -5.80755226119821e-05 0 0 -3.79402986268689e-06 0 -1.4321794068281e-05 0 -2.69686957466909e-06 0 0 0 0 0 0 0
"6" 0 0 -0.00133768318427497 -0.00068002046126971 -4.96733023648329e-05 1 0.667872251232898 0 0.591350600423595 0 0 -0.00191918799466759 0 -0.00174384823952643 0.432974280670995 0.540633952588849 0.0026986756245217 0 0 0 0 0 0 0.000797871402021282 -0.0341390482168876 0 0.000935327228385142 -0.000430048958370719 0 -0.00038502230667304 -0.000424431930529336 0.000301355690857695 0.00114313083542276 0 0.00200862111938031 0 0 0 0 0.000389930814008581 0 -8.99430086705125e-05 0 0 -0.000178480231921332 0 0 -0.00011176938721039 0.000472921702500203 0 0.000212565693171595 0.000505208305140503 0.000856307451113213 -0.00128702173203354 3.21093776694409e-06 0.000724951911320463 0.00237351275559433 0.0001546624898667 0 -0.0537651533520236 0 0 0 0 -0.00242854917753392 -0.000225111661283377 -0.000778647258458562 -0.000284580014747525 4.5849190741533e-05 0 0.00128984947641736 0 0 -0.00144741725237657 0 0 0 0 0.0047636046044263 0.00162091483399682 -0.000543894457962067 0.00060764984707694 -2.55081726662807e-05 -0.00043451358627615 0.000419738425626726 0 -0.00130652498051897 0 0 0.000787518176591137 -0.000651111139937454 0.000946576227647505 0 0 0.00103264263513654 0 0 0 0.000309090854129826 0 0 -0.000556553894808639 0 0 0.00019380393685083 -0.00247032591993907 -0.00265095559069774 0 -0.000119309122813835 0 0.000343122717491439 0 0 0.00179758949508553 0.000928985817943879 -0.00124907812567065 0 -0.000395479450762267 0 0 -0.000830043522574658 -0.00057589615708511 0 0 0.000477532103469495 -0.000224178502524286 -0.000374679375701207 -0.000558196683506427 0 -0.00150855892067899 0.00201771765777975 0 -0.00346948157349929 0 0 0 0 0 0.000387987286126106 0.000218709197529511 0 0.0004127057519655 -0.0318331968357149 0 -0.000519543850509766 0 -0.0039071940369787 0 -0.00101358964255279 -0.0193006095188689 0 0.000822929160203751 0 -0.000125345112278325 -0.000884791484772384 0 0.0022891087271019 0 0 -0.000254323249586241 6.1072040180554e-05 0 0 0.00316463789359639 -0.00116038541580747 0 0 0 0 0.00143713451986397 0 0 0 0 0.0430947451355239 0 -0.00344829846571131 0 0 0 0 -0.000266196960922424 1.84804560384773e-05 0 0 0 0.000825620314203071 -0.00188347337930423 -0.000170221030527335 0.0010949839782557 0 0 0 0 0 0 0 0 0 0
"7" 0 0 0.000403448017489013 -0.000192315925255339 -0.000129833353254858 0.667872251232898 1 0 0.641793373693614 0 0 0 0 -0.00170981373776031 0.495480020177167 0.596051321970482 0.0376669408555184 0 0 0 0 0 0 -0.000832098270420584 -0.0591575545817242 0 0.00296700979536002 -0.000577946566136301 -0.00077259129223917 -4.53405897158957e-05 -0.000540433875224376 -4.35791818357615e-05 -0.000326184389045978 0 -0.000518537295391054 0 0 0 0 0.000393905471563974 0 -0.000178776604769182 0.000152492022650969 -0.00081540780253379 0.000718074782323136 0 0 -0.00139508238684637 0.00347421896120244 0 0.0014311340668891 -0.0011554649096501 0.000440721869916548 0.000759695287511957 -0.00039077964633597 -0.000531179838493928 0.00375432495292922 0.00259571965923423 -2.88313850118766e-05 -0.0632564574314895 0 0 0.000792748368525355 0 -0.0040000400626625 0.00108590175326644 -0.000192097710829085 0.000570798349253337 0 0 -0.000218321827607601 0.000671632303793248 0 0.000159329599844925 0 0 0.000325626457770148 0 -4.55136176478138e-05 0.000913719327462815 0.000605816328465185 -0.0001145940666702 -0.000383410105402179 0.000553672871778813 -0.000285937780733649 0 -0.00115861650496131 0 0 0.000333663584546923 1.58185986612595e-05 -0.000193944853222972 0.00122838638760419 0 0.000994838628264262 0 0 0 -0.00180349686392844 0 0 0.000228805354632921 0 0 0.000280338107160144 -0.00421986743334579 0.00616080164450179 0 -0.000240965907914819 2.26541366985272e-05 0.000163416772647337 0 0 0 0.000852992912061545 0.000924378753483192 0 0 0 0 0.000285700758085431 -0.000669746417637226 0 0 -0.000927843650586397 -0.00113455718815851 -0.000263380876774869 0 0 -0.0131655481323138 -0.0447313360188676 -0.000332652274937617 -0.0544839465873294 0 0 0 0 0 -0.000383192172735019 0.000492560412055263 0 -0.000914402654632297 -0.038691706726038 0.00180629444954048 -0.000475094535276358 0 0 0 0.00301226305063883 -0.0695021739085149 0 -0.000269231209029485 0 0.00148722973784363 0.00114826267846692 0.00401489422529918 0.00222868303725514 -0.000164578559503532 0 0 0 0 0 0.00497640125974567 0 0 0.00132622996408845 0 -0.000515651789766968 0 0 0 0 0 0 -0.00180957752485464 0.000207235009505367 0 0 0 0 -0.00107200491689083 0.000997167538597816 0 0 0 0.000560331773777948 -0.000976877333454864 2.10941910338619e-05 0.00161080710915113 0 -0.000975009738204107 0 0 0 0 0 0 0 0
"8" 1.19065768596349e-22 0.000196933801107616 -0.00147597536531193 -0.000818781106014258 0 0 0 1 0.587077953917058 0.507980589885326 0.000328643601728486 -0.00324349392642628 0.00421157471182148 -0.00182462012877717 0.476544822765138 0.552681425941212 0 0.0432063797811357 0.147073788789775 -0.0316237572829435 0 0 -0.0439794870206795 -0.000633673911917389 0 -0.0374075441618779 0.00399745904871241 0 0 0.000960729282157266 0 0 0 0 0.000146727183299734 -0.00339517414510134 -0.00030253815424213 5.34600227606838e-05 6.56341019504725e-05 0 -0.000430344702989672 -0.00055548982882449 0 -0.0015135079648895 0.00160828371326791 0.00223452848369634 0 0 0.00513346310016345 -0.00177386577809938 0.000594585868166311 0 0.00170976105113203 0.00133080830719569 0.00171982409992755 -0.00166048772658721 0 0 0 -0.0803384487217952 0 -0.0011109971396183 0 0 -0.00624437854086155 0 0 0.000980818336830834 0.000194070166494157 0 -0.00148896922349048 0.00265002431016549 0 0 0 0 0 0.0139033883043878 -0.0404737040721364 0.00239163438934213 -0.000125472254410653 -0.000234550934416506 -0.00264377632657812 0.000930687834256475 0 0 0 0 2.8131125827169e-05 -0.00056412387189602 0 0 0.00121662595448981 0 0 0.00130317550920216 -0.000263501397322235 0 0 0 0 0.000727355073710291 0.0925724758002127 0.000758929552804766 0 0 0.0115581602517125 0 -0.00135239407883999 -0.000231708883543354 0.000730094329267496 -0.00210150251583713 0.00305973801515619 0.000963714456561446 0.00159698218697058 0 0 -0.00265404159741777 0.00132795311622852 0.00250567997906619 0.001006407456209 -0.00158930054479792 0 0.0092245549766494 -0.00252386301692095 0 0 -0.000672310039133514 0 -0.0113853846334641 -0.0759205937558557 0 0 0 -0.000574321124525229 0.00146591601321773 0 0 -0.00151215590607622 0 4.88624253201261e-05 0 -0.0562685356531368 0 0 0 -0.0358360963138403 0.000223037722356074 0 -0.0928223297647166 0 -0.000699339590971011 0 0.000322039644620167 -0.00214313492539241 0.00831636972877489 0 0.000629154323770371 0.00188526022575976 -7.69678458319342e-05 0 0 0.00746678775424318 0 -0.0914558926954611 0 0.00274358717401413 0 0 -0.00193933001844999 0.000874064848953479 0 0 -0.00030832414430988 0 0 0 0 0 0.000432977882509064 0.0308096593773355 -0.00217679027432727 0.00121691191256211 0 -0.003906808355338 0.0132045522792965 0.000967971623028255 0 0 0.0015432492022601 -0.000220789462903222 0 0 0 0 0 0 0 0 0
"9" 0 3.76891135289877e-06 -0.000409938217484927 0.00158660362797631 1.89271057919313e-05 0.591350600423595 0.641793373693614 0.587077953917058 1 0.54580242016587 0 0.00365613014188881 0.0015285465966942 0.00266372527567151 0.509925101408126 0.666848810445092 0.0367523000529885 0 0.179057537933706 0 0 0.16922618607613 0 -0.000575594866095244 -0.073341439279535 -0.0318106960156391 0 0 0 0.00197954479685503 0.000305561847042389 4.60633623833387e-05 -0.000885676864133517 0 -0.000748255480255769 0.000451538599942706 0.000381835927604485 0 0 -0.000706793172052546 0 -0.000293205179236679 0 0 0 -0.00101280736514696 0 -0.00192648142696464 -0.000477152086012566 0 9.14657072668387e-05 0.0021851040955073 -0.00112249812094292 0.00179606431160523 0.00186996170439127 0 -0.00221506202023701 0.00161132987200643 0 -0.104786972577065 0 -0.000395281066079767 0 0 0.00229550988714298 0.000502713903921078 0.00171023585297688 0.00185169734261581 -6.83394023011227e-05 0 -0.00364086673393329 0 0 0.00203726701262721 0 0 5.08697700378628e-05 0.00360689978952806 0 0.000128751645701138 0.000177224544923449 0.00326310753937513 0.00181189201933994 0.00251141798025838 0 0 0.00132381772249659 0 0 -0.00564774954853099 -0.00486273692698749 -0.00265465279805397 0 0 -0.00309304968738343 0 0 0.00180381978452404 0.0018860785239958 -4.63705662846705e-05 -0.000486876540921966 -0.000345611639316971 0.0881595665082299 0 0.00227641143943992 0 0.0218231220211349 0 -0.000421310004037829 0 0.00108636604406834 0 0 0.00180713387177314 0 0.00405221223513091 0 0.000265239638538351 0 0.0031736308287655 0.00142438564096666 -8.20296089515974e-05 -0.030036488969115 -0.000352105484020524 -0.00019352192052803 -0.00147306032520994 0 -0.00064997245355236 0 -0.039440527955648 -0.0649036412119556 0 -0.0862654047854512 0.00210894653673068 -0.00407938136404783 0.0017222241473522 -0.000613868244673855 0 0 0 0 0.000533810579056881 -0.0680827404907247 0 -0.0023867215501367 0 -0.0360643219410897 0.00084943754065012 -0.001016970881402 0 0 -0.000686458667975046 0.0518719864631147 2.5360696358535e-05 0.00190916347311129 0 -0.00504798591455719 0 0.000207031873216553 -0.000958996023516499 0.000842761961998571 0.000955056373800511 -0.00084484118103935 -0.00231899268857688 -0.100606296239505 0 0 -0.000198356154738342 0 -0.00533042097906965 0.00294992232717683 0 0 0 0.124260185430732 0 0 0 -0.00044465009728107 0 0 0 0.00114766734464996 0 -0.0209106021940529 0.00121333973719595 -0.00050555818083876 0.00291334274360447 0.000398041441553267 -0.00320956835157467 0 0 -0.0028115422292693 0 0 0 0 0 0 0
"10" -2.91165295333253e-22 -0.000137425726188805 0 0 0 0 0 0.507980589885326 0.54580242016587 1 -0.000318732373644927 0 0 0 0 0 0 0 0 0 0 0.199975539532136 0 0 0 -0.00018969323207852 0 0 0 0 0.000641994585936219 0 0 0 0 0.00109220510708337 0 -0.000399405423029198 0 0 0 0 0 0 0 -0.00113562021175557 0.00201349981051897 0 0 0 0 -0.00228555096171196 -0.000303798628139653 0 0 0 0 0 0 0 0 0 0 -0.00168717853448104 0.00189756795951504 0 0 -0.00146347901290317 -0.000770653621989563 0 0 0 0.000500139148624208 0 0 0 -2.47711940187521e-05 -0.0109013860804052 0 0 0 0 0 0 0 0 0 0 -0.00140777162893854 0 0 0 0 -1.17461572116729e-05 0 0 0.0357357394842075 -0.00140294956132121 0 0.000306400992780726 -0.000923833247517664 -0.000230915171212135 0 0 -0.00180271795798898 0 0 0 0 0 0 0.00338392048387866 0 -0.000986990148517175 0 0 0.000985089959177958 0.00263475062184023 -0.0009672644053709 -0.00490969560696017 0 0.00107055489432618 0 -0.00656235518172542 0.00270179469464491 0 0 0.00142487075519454 0 0 0 0 0 -0.00267930170530352 0.00172176096229671 -0.00192404957245175 0 0 0 0 0 0 0 0 0 0 -0.0161363262830513 -0.020937696863269 0 0 0.00141157456349628 0 0.0849677666112986 0 0 0 0 0 -0.00190843745661931 0.00060827331825848 0 0 0.000594595589646927 0 -0.0587191655784067 -0.000425185412485895 0 0 0 0.00269007447121036 -0.000439913315481634 0 0 0.00106047456531765 0.0808764963588171 0 0 -0.104508686718067 0 0 0 0 0 -0.00380467423867444 0 0 0 0 0 0 0 0 -0.00116190450351141 0 0 0 0 0 0.00154030806811185 0
"11" 0 5.26290021256592e-05 -0.00112715981566264 -0.000446239513489764 0 0 0 0.000328643601728486 0 -0.000318732373644927 1 0.0984818961053264 0 0 -0.000203651997356439 0.000101551645931307 0.203761486296089 0 0 0 0 0 0 0.000170137289806247 0 0.000166293025943257 0.000104800695677139 0 0 0 -9.77276304252921e-05 0 0.000269231359778815 1.86053423448245e-05 2.3557214811233e-05 -2.75006437623187e-05 0.000361339835659 0 0 0 0 -3.81362188267589e-05 3.017637735627e-05 0 0 -0.000239022919203722 2.98897500227773e-05 0 0.000884378466719762 0 -0.000600665342671238 -0.000706330615586098 0.000917056626694764 -4.80316965007065e-05 0 -0.000696139581485313 0 1.40180156353268e-05 0 0.000470739768544464 0 0.00041398704941122 0 0 -0.00183195652310491 0 0 -0.000233107571637829 -0.00044563509697193 0 0.000209669753428769 0.000187953421770656 -0.000186351882090095 0 0.000678949366754951 0 -0.000763348513646291 0 0 0.000855424756290119 7.92336631082333e-05 -0.000190050808695063 -0.000570149430325392 0 -0.00064594675850358 0.000430897353177204 0 0.000808181618996137 0.00032362543532387 -0.000139631892889915 0.00138608704202575 -0.00112859171409884 0 0 0 0.000251137473827852 -0.000198615860640262 0 0.000525746562509853 0 0 -0.000608915098606227 0 0 8.138808674557e-05 0 0 0 -0.000550494416526372 -0.000195502355753166 -0.000163304466754999 0 0.000876461979794802 0 -6.324559801413e-05 0.00110410537936823 0 0 0 0 0 -0.000223741401762804 0 0 -0.00126301339337555 0.000421458243409167 0 0.000301405136665268 0 0.000300094748153942 0.0015981778827266 0 0 0 -0.0475862531320312 0 0 0 0 0 0.000724540414852609 -0.000876108830878374 -0.0898584366954859 0 0.000132432032427002 0 -0.00200329796318534 0.000822537596326799 0 -0.00132399500189484 -0.000286333426860756 -6.48618625424875e-05 0 -0.000185790623860028 -0.000778586986420383 -0.000992125984897267 -0.0603510230947976 -0.000628078893340946 2.10550370434886e-05 0.000564552350456826 0 0 0 0 -0.000565013056886866 0 -0.000619854095454479 0 -0.00065361127666115 -0.000230489020363137 0 0 -2.08176923505922e-05 0 0.0356871488740877 -0.00023260058163551 -0.0004854203705992 -0.0376291464899737 0 -0.000218426365975539 0 0 0 0.000311422994956033 0 0 0.000125958330187037 -0.000476826261587793 0.000320835534706157 0.000286008470127896 0.000459973644937705 0 0 0 0 0 0 0 0 0
"12" 0 -1.61470803795719e-05 -0.00144071613277751 0 -7.34473402959957e-06 -0.00191918799466759 0 -0.00324349392642628 0.00365613014188881 0 0.0984818961053264 1 0 0 0.00688469047489952 0.0207592887284163 0.347285813067894 0 0.0831310511100265 0 0.000447256362368004 0.166924410269907 0 -0.000145296493101708 0 -0.00128175584305394 0.275474099098437 0 0 -0.000621636829303185 0.000203772252985465 0.000150586067783184 0 0 0 0.00075015734403105 0.00124646877415929 0.000223724304523284 0 0.000285378595801897 0 0 6.15790682508611e-05 0 0 -0.000888993560807571 -0.000241590352689316 -0.000605622770705746 -0.110968494035017 0 -0.00125234445759745 0.00447013335332503 -0.000397032972931042 0 0.0019395234615103 -0.00211257477734914 -0.000638591527894937 0.000548783805770237 0 0.000143574441437028 0 0 0 -0.00105337729378274 0.00346682688686103 -0.00013421320983194 -0.000434220607203818 -0.00123668428638163 0.0024380080364366 0 -0.00160439635192911 0.000203382478278563 -8.43293473525274e-05 0.000646244531833114 -0.00495263460473267 0 0.00150324015400387 0 0 0 -0.000870403963586897 0.00149475646680695 0.00120123008302039 0 -6.50952056226748e-05 0.00116972148063858 0.000882654909252497 -0.000718039041048546 0.00315641150709283 -0.00309462762020062 -0.00390890459651636 -0.00109698675366342 0 0 -0.000767050465286322 0 0.00912079956728537 0.000921975821612183 0 0.057981900424666 4.77710198542694e-05 -0.000115376912848817 -0.00137270246964621 0 0 0 0 0 0.000299094067116436 0 -0.000593059329589445 0 0 -0.146442328274521 0 -0.00201037518975015 0 -0.00106059325393488 0 0.000502856180215712 0.00111857167229638 -0.000279400750033192 0.00121573268366458 -0.00153327108070832 8.3269632569121e-05 0.000458207996685396 0.000835497722565063 0.00195642585963445 0 0.00128536673823957 0.00358443129152849 0 -0.0785046109668044 -0.00241709424735329 -0.000805901352950542 0.000125233142155455 0 -0.00178670279935841 0 0 0 0 0.00145494724493668 0 -0.000976992473116086 0 -0.0972999985846126 0.000713432289159884 3.46059829714624e-05 0 0 0 0.0390955523129226 -0.00117959537640021 -0.00179984585875848 0.0041722772375535 -7.27658339292007e-05 0 0.000529407696579939 0.0486947819833368 0.000566185354333004 0.000903679366038195 0 0 -0.00310886627856509 0.000337292174456323 0.00254772160683156 0.000476214971706583 -0.00177892728341715 0.00131906962983214 -0.0011621738182739 0 0.000100002097496883 0.000143924061874067 0.087058612629914 0 0 0 -0.000585439916743635 -0.000327003009760487 0 0 0 5.38137039311614e-05 -0.0035463343325396 0.0851224462183983 -8.58714815617319e-05 0 0.000215367661720752 -0.00133842444566818 -0.000427148615553588 0 -0.00113377319260459 -0.00026373984419764 0.047940806948757 -0.000848913301352945 -0.000276308080552415 -0.0095786127900216 -0.000220640280306241 0.000421024966963234
"13" 0 0 0 0 0 0 0 0.00421157471182148 0.0015285465966942 0 0 0 1 -0.0991840741012592 0 -0.00466022188589073 0 0 -0.0545237306698175 0 0 0 0 0 -0.000630061938874393 0.00180387111813501 -0.133677953932669 0 0 0 0 -0.000410704567672465 -0.00171785360223786 0 0 -0.00240962362553148 -0.00112848665924054 0 0 0 0 -0.000110415037973739 0 0 0.000970308161845798 0.00156624546781062 0 -0.00236900421438713 0 0 0.00112141335195228 -0.00475260266742237 0 0 -0.000764037203771179 0 0 0 0 0 0 0 0 0 -0.00442181368342215 0 0 0 0 0 -0.00166350180955892 0 0 0.00203161286203533 0 0 0 0 -0.00325551767762904 0 0 -0.0010746305422822 0 0 0 0 0 0 -0.00210502692171636 -0.00222198870608816 0.00251704781718889 0 0 0 0 0 0 0 -0.00183209830551504 0 0.00119141829020621 0.000959577504774984 -0.0395004112650589 0 0 -0.00117098316866588 -0.0680426414189475 0 -0.00158698133787936 0 0 -0.00200418411548598 0 0.0826223895256508 0 0 0 1.31919651061525e-05 0 0.00395998119049723 0.00204537175790596 0 0 0 -0.00295361638503437 0 0 0 0 0.000594953460186621 0.00250963160521909 0 0 0 0.0923436880789004 0.00166594840182169 0 0 0 -0.000712237484745093 0 0 0 0 0 0 0.106232240953714 -0.00186359463716946 0.00365270051582058 0 0 0 0 0.000760705068834367 0.0012630383270043 0 0.10007379733473 0 0 0 0 -0.00451738853168384 0 0.00426783182943278 0 0 -0.00143539187678334 0 0.000590483806360392 -0.005229857700556 0 0 0 0 -0.127796700284268 0 0 0 0 0 -0.0516095807874781 -0.00165817396677301 0 0 0.0505390028896414 -0.0620727708159667 -0.000344185177580887 0 0 0 0 -6.75104288127923e-05 0 0 0 0 0 0 0 0
"14" 0 0 -0.000878020948747369 0.00014314259099522 0 -0.00174384823952643 -0.00170981373776031 -0.00182462012877717 0.00266372527567151 0 0 0 -0.0991840741012592 1 0.000982955049572773 0.000949637373748016 0.181367553810495 0.0865888658275581 0.0838311848558542 -0.147599576259426 0 0 -4.81350466540922e-05 -0.000499692826670475 0.00111120213055521 0 0.236316670224566 0.000375922907753771 0.000612665976021314 -9.87099930830586e-06 0 -0.00020839729731939 -0.000674690573567584 0 0.00137332297157548 0 0 0 -0.000782163725681422 0 -0.000114474435553724 -5.36883424276987e-05 0.000154582964087874 -0.000392282299482033 0.000217006774232617 0 0 0 -0.277124633676472 -0.0966490024499098 -0.00211795182115383 0 -0.00145812800684159 0.00228018572106013 0.00320582456347067 -0.00262084563980483 0 0.000396031024604513 0.000157978800710026 -0.00287821645981059 0 -0.00081518396633059 0.127361958992882 0 0.00661366482944066 3.78154335283955e-05 0.00147719076387048 -0.000476332729095547 0 0 -0.000667651843277718 0 0 0.00147682134089225 0 0 0 0 -0.054548887945615 -0.0167002760538424 0.000137482903778434 0.000510699037114345 0.00229946024013296 0.000397716067549799 -0.000798474293425594 0 0 0 0 -0.00218593427957777 -0.00304846432721353 -0.00152155205521711 -0.00144075507597816 0 -0.000895734908510063 0.000713280761450212 0 0 -0.00287177332455369 0 0 0.000199805887658836 0 0.00164729386885211 0 0.00715761488156084 0.104918770993804 0 0.000554830755954644 0.000827130611148353 -0.000376115750506754 0 -0.000197501258635894 0 3.75111134380324e-05 -0.00151159277304946 0 0 0 0 0.000607237502220603 0 0 0 -0.000602834533758268 0.000673733864961292 0.000979056161120159 0 0 0.00214010884764789 0.00186505643161348 0 0 0 0 0 0 0 -0.000180661140639361 0.000349360096611765 0.000925965632370349 0 0.00101320099877776 -0.000278931852160244 0 0 -0.165949156421138 0 0.00156953027171934 -0.0201545818065748 0 0.000908022865645593 0 -0.00453649503257765 -0.00245181865513527 -0.0773605277932043 -0.0165282596594446 0.000707199176440763 0 0 0 0 0 -0.00341689481064613 0 0 0.000491346019905768 0 -0.00143281851087557 0 0 0 0 0 0 0 -0.000666034962384202 0 0 0.000628341389490383 0 0.00155514047840721 0.000378541265870659 0 -0.000473930859349456 0 -0.000814652563479368 0.00340614400950853 -0.0653630344425349 -0.00172385520492402 0 0.000682700448286846 0 0 0 0 0 0 0 0
"15" 0 0 0.00264389571275249 0.000357474369418203 0 0.432974280670995 0.495480020177167 0.476544822765138 0.509925101408126 0 -0.000203651997356439 0.00688469047489952 0 0.000982955049572773 1 0.470079139101013 0.0907998354418161 0.0720966259914846 0.119892584221562 -0.0576868009674799 0 0 -0.0765574529203545 -0.0115114387998166 -0.114383285613177 -0.0528983152168366 0.0726975348556976 3.62768709340759e-05 0.000454323780809891 -0.0024761129413548 0.00052047248494172 -0.000499607093881823 -0.00173636625550276 0 -0.0017678338331438 0.0013045890979137 0 0 -0.000148020460113561 8.16927384973053e-05 6.10525801638323e-05 0.000344044551518626 -3.82574546536859e-05 0.000630960619762793 -0.00029964620221713 -0.00016146059370778 0 0.00125569944792619 -0.00253804048680971 0.000888487500325254 -0.000217579148980997 0 -0.000782088163407139 0.00130614306839097 -0.000410340581369427 0.00100066631840476 -0.00310095446669756 -0.0224831512499482 0.00109014644389637 -0.040784457017827 0 -0.00194322472773651 -0.00120312302818418 0 0.00122105197844843 -7.06828225667035e-05 0.000148843905501436 -2.19125578298847e-05 0.000806985908485789 0 0.00108597779619089 0.0589178171412615 0 0.00123130749968946 0.00124844895718311 0 0 0 -0.0335159925844021 -0.0023965475855446 -5.9358899870736e-05 -0.00234072179968526 0.000807596127973112 -0.000778981003668802 -0.00126150612858072 0 0.000981627182172053 0 0 -0.00182761681240109 0.00298315585749163 0.000678032103332681 0.00105965012804261 0 -0.000784885236688445 0.00063611255239979 0 0 0.00120078564292889 0 0 0.00202810756233845 0 0.000742260480588034 -0.000370596550936114 0.00103113596611258 2.24624696079439e-05 0 0.000210574548462259 0.00126864962606072 -0.00159053062818239 0 -0.000435047217868318 0 -0.000505938597621033 -0.00228092478029761 0 0.00275202512331718 0 0 0.000365918555624084 0.00133290397269152 0 0 0.000965173635827321 0.00037790238263023 0.000866420772246167 0.000752533450935523 0 -0.0406021561182027 -0.115117342887794 1.15607811082523e-05 -0.111697224316703 0 0.00250562145376338 0 0 0 -0.000765817377243688 -6.34739697704798e-05 0.000425437628446083 0.000565138551432256 -0.0109632204143771 -0.000918227170236769 0.00128035572174321 0 -0.0479879027284346 0 0.000865811325534286 -0.153051295129742 0 -0.000802653590380484 0 0.000522153655500163 0.000987657061015622 -0.00275983066176502 -0.0277651705958806 -0.00108929350121843 0 0.000855125617808723 0 0 0 -0.0040568042526238 -0.0878516447154054 0 -0.00223197711501619 0 0.00266314739088811 0 0 0 0 0 0 0.00228282673811123 0.00513342465465601 0 0 0.000795291960997045 0 0.000872263318891544 -0.000653193025861751 0 0.00786472173829936 0 -0.0013682742901947 0.00147272753730598 -9.84919805215449e-05 -0.000833249034639817 0 -0.00149200335932867 0 0 0 0 0 0 0 0
"16" -4.44307095237587e-22 -0.000108514266376943 -0.00103229872626414 -0.000447687429321526 -0.00432565655021534 0.540633952588849 0.596051321970482 0.552681425941212 0.666848810445092 0 0.000101551645931307 0.0207592887284163 -0.00466022188589073 0.000949637373748016 0.470079139101013 1 0.0666925635062815 0.0292101612832155 0.231066470551931 -0.044775713494136 -0.124520069860371 0 0 0.00129343908224253 0 -0.0219694110421859 -0.00306456812932812 0 0 0.000834461969942642 0.000493327358952132 0.000264814865955578 0.00278661621717204 0 0.00194081035383301 0.00254249229294943 0.000545246423373202 -0.000350262318468619 0.00050259690553895 0 0 0.000338176012292159 -0.000221914636997778 0.00102264996636988 -0.000815129900890681 -0.00112129525535487 0.00131421155749134 0.00310717083240537 -0.0032345745142853 0 -0.00161510169259638 -0.000576019453101389 -0.000706321438647917 0 -0.00195307169344984 0.0027774172667435 -0.001709830877816 0 0 -0.126524457729576 0 0 0.000487344092422651 -0.00214268715698407 0.00542083602822935 0 -0.00041427069722544 -0.00156715075488567 -0.000741672318901596 0.00739169389146491 0.000644041875822402 -0.00142643438729648 0 -0.00273156623570415 -0.000232864850210043 -0.00108455531676178 0.000261987446304159 -0.00964228271479371 -0.045559572381065 -0.00115934695448061 0.000292962962755807 0.000828522225332382 0.000618738553253093 -0.00120871419329141 0 0.0002283537270357 0 0 -0.000377001491508912 0.0033809743812093 0.0038096731163236 0 0 0 0 0 0.0448825814117911 0 0.00115046355207939 0 -0.000530890417895041 -0.00163879086152117 0.119901896964132 -0.00112728204944754 -0.00157152194065505 0.00116270481902706 0.0541053684482212 0 0.000985722878210147 0 0.000574087387739465 0.00245639393869353 0 0.00144506814469576 -0.00119214100530232 -0.000370571318049745 0 -5.87542707893693e-05 0 -0.00278936743685703 -0.00109700812402777 0.000471751110329122 0 -0.00596067919689847 0.00214870501116449 0 -0.000802981428493085 -0.00100677963279655 0 -0.0262241585888274 -0.0736095139835381 0 0 0 -0.0362404911451454 -0.00135356329599966 0 0 0.00168346657275411 0 0 8.86294926643528e-05 -0.0991363594858404 0 0 0.000715538982371839 -0.0644221158014653 0.000689954281909883 -0.00517437778784897 -0.104916734261745 0 6.46919706324035e-05 0 -7.76731087861859e-05 0.000464045581406262 -0.0140138642891379 -0.000771660565446188 -0.00031798465947206 0.000288933883449966 0.000528414021594438 0.00033960071995138 0.00491362065919377 0 0 -0.105049885164016 0 -0.00161086050997092 0 -0.000529406551640364 0.000639033786618839 0 0 0.00130381614850323 0.00197003077158915 0.120439357107286 0 0 0 0.000171426177354197 -0.00115162882779749 0.0548020431863777 0.00120386757120985 -0.00199778211517681 -0.00465603537910475 -0.0472539700996109 0.00103891341131846 0.000412104166083619 0 -8.47987888954351e-05 0.00151177092070613 0.000533836337814924 -0.00018241895686866 -0.00399581089863876 0 0 0 0 0 0 0
