"V1" "V2" "V3" "V4" "V5" "V6" "V7" "V8" "V9" "V10" "V11" "V12" "V13" "V14" "V15" "V16" "V17" "V18" "V19" "V20" "V21" "V22" "V23" "V24" "V25" "V26" "V27" "V28" "V29" "V30" "V31" "V32" "V33"
"1" 1 2.81919107367546e-21 0 0 0 0 0 7.75715764519471e-22 4.67329432871367e-21 0 0 6.73943127848786e-21 -9.94582606689073e-21 7.09019601146812e-21 1.13188445455809e-20 5.56536013590858e-21 9.21090689300298e-21 6.04095375910721e-21 0 -1.62978103791275e-20 0 -3.2268432772667e-21 0 -5.48597180026519e-21 0 2.27413025153476e-21 -6.87981034792396e-21 -2.2034083683377e-21 0 0 0 0 0
"2" 2.81919107367546e-21 1 0.686722477937684 0 0 0 0 -0.0138451024967725 0.00461527233088025 0 -0.00668101934479877 -0.00312485596326619 -0.00587592525009088 -0.00449201802439673 -0.0169122369174128 -0.0104262756243464 0.0374302945634471 0.0403301718911486 0 0.0226413529045798 0 -0.0844530140874193 0 0.0693866118244042 0 0.0227153408984989 0.0419810983018596 0.341329511904292 0 0 0 0 0
"3" 0 0.686722477937684 1 0 0 0 0 0 0 0 0.00656438088429793 0 0.00300524600589302 0 0 0.00735003020919098 0 0 0 0 0 0.0521164213658657 0 0 0 0 0 0 0 0 0 0 0
"4" 0 0 0 1 0.552113095453633 0.61962530870297 0 0 0 0 0 0 0 0 0 0 0 0.0431639051532363 0 0 0 0 0 0 0 -0.0490752198253726 0 0 0 0 0 0 0
"5" 0 0 0 0.552113095453633 1 0.414695219350098 -4.48870913579759e-21 0 -0.00103276393662344 0 0 0 0 0 0 0 0 0.406480444584638 0 0 0 0 0 0 0 0.057541170601376 0 0.334321820134151 0 0 0 0 0
"6" 0 0 0 0.61962530870297 0.414695219350098 1 -2.51099326618109e-21 0 0.00460152362521724 0 0 0 0 0 0 0 0.387088344405838 0 0 0 0 0 0 0.490529672382964 0 0.0585110047880757 0 0 0 0 0 0 0
"7" 0 0 0 0 -4.48870913579759e-21 -2.51099326618109e-21 1 0 8.08815840134382e-21 0 0 0 0 0 0 0 0 0 0 0 0 0 0 0 0 0 0 0 0 0 0 0 0
"8" 7.75715764519471e-22 -0.0138451024967725 0 0 0 0 0 1 -0.00419803363406665 0 0 -0.00241985620370907 0.0150907024392884 0.0402324960333486 0.099026071227788 0.0665369600261186 0.0507807550821552 0.0630539018004849 0 0.0421354239894048 0 0.0695815798454047 0 0.0505160756257496 0 0.3016822505846 0.278425515522643 0.0664980070163701 0 0 0 0 0
"9" 4.67329432871367e-21 0.00461527233088025 0 0 -0.00103276393662344 0.00460152362521724 8.08815840134382e-21 -0.00419803363406665 1 0 0 0 0.432041534039666 0 0 0 0.0115128793148161 -0.00417768188513118 0 0 0 0 0 -0.0227894957784805 0 0.0291114320776016 -0.0209704058194819 -0.00245364949197088 0 0 0 0 0
"10" 0 0 0 0 0 0 0 0 0 1 0 0 0 0 0 9.34913783859477e-21 0 0 0 -1.86928218694736e-20 0 -3.67119336721719e-21 0 0 0 0 0 0 0 0 0 0 0
"11" 0 -0.00668101934479877 0.00656438088429793 0 0 0 0 0 0 0 1 0.0843994956370179 0.499804587667921 0.621098529137799 0.0443431721918994 0.0562752030290057 0 0 0 0.40635341031072 0 -0.0445275765988791 0 0 -0.0174892379908122 0 0.0335807179111784 0.0106879884082707 0 0 0 9.68928843436407e-21 1.13736459094313e-20
"12" 6.73943127848786e-21 -0.00312485596326619 0 0 0 0 0 -0.00241985620370907 0 0 0.0843994956370179 1 0.484355975709193 0.57049977039646 0 0.565257741653918 0 0 -0.00573387405555803 0.472436104437723 0 0.0237987284859671 0.488408861069154 0 0.0680185153193262 0.0390344724481147 0.410573098710346 0.0190139369014006 0 0 0 9.66708489405972e-21 9.8244395045987e-21
"13" -9.94582606689073e-21 -0.00587592525009088 0.00300524600589302 0 0 0 0 0.0150907024392884 0.432041534039666 0 0.499804587667921 0.484355975709193 1 0.587336179080311 0.415524644352521 0.492535010825576 -0.0298331768789348 0.0177895453408065 0 0.5383939061473 0 0.0326192366765563 0 0 -0.0531460407919312 0.405488922753314 0.0344628035151308 -0.000596265001822974 0 0 0 0 0
"14" 7.09019601146812e-21 -0.00449201802439673 0 0 0 0 0 0.0402324960333486 0 0 0.621098529137799 0.57049977039646 0.587336179080311 1 0.0735271722241103 0.578458735988341 -0.00699800324767115 0 0 0.49952888233368 0 0.0571650906125922 0 0 0 0 0.361583293262948 0.038535330785334 0 0 0 0 0
"15" 1.13188445455809e-20 -0.0169122369174128 0 0 0 0 0 0.099026071227788 0 0 0.0443431721918994 0 0.415524644352521 0.0735271722241103 1 0.0927421606042844 0.0825050255580436 0.0762950025844343 0 0.411667968121097 0 0.0574261308667456 0 0 0 0.359829168783359 0.267057256848073 0.0853451002184416 0 0 0 0 0
"16" 5.56536013590858e-21 -0.0104262756243464 0.00735003020919098 0 0 0 0 0.0665369600261186 0 9.34913783859477e-21 0.0562752030290057 0.565257741653918 0.492535010825576 0.578458735988341 0.0927421606042844 1 0.198020277115819 0.417506385557378 0.00388818025162818 0.537234319888409 0 0.551716818852131 0 0 0.0179366670742267 0.4433556398001 0.388851067721118 0.0464374201471158 0 0 0 8.63338730640693e-21 8.82740383800248e-21
"17" 9.21090689300298e-21 0.0374302945634471 0 0 0 0.387088344405838 0 0.0507807550821552 0.0115128793148161 0 0 0 -0.0298331768789348 -0.00699800324767115 0.0825050255580436 0.198020277115819 1 0.605286101884134 0 0.377403084423605 0 0.48413781777337 0 0.607673656495867 0 0.449620908492933 0.420160748703009 0.465557795679751 0 0 0 0 0
"18" 6.04095375910721e-21 0.0403301718911486 0 0.0431639051532363 0.406480444584638 0 0 0.0630539018004849 -0.00417768188513118 0 0 0 0.0177895453408065 0 0.0762950025844343 0.417506385557378 0.605286101884134 1 0 0.471572377538115 0 0.6059128193494 0 0 0 0.458980720733126 0.432196735926595 0.533570681770198 0 0 0 0 0
"19" 0 0 0 0 0 0 0 0 0 0 0 -0.00573387405555803 0 0 0 0.00388818025162818 0 0 1 0.384446966715258 0 0.385286439164321 0 0 0 0 0 0.425941426722933 0 0 0 9.53867382775349e-21 1.15842419242769e-20
"20" -1.62978103791275e-20 0.0226413529045798 0 0 0 0 0 0.0421354239894048 0 -1.86928218694736e-20 0.40635341031072 0.472436104437723 0.5383939061473 0.49952888233368 0.411667968121097 0.537234319888409 0.377403084423605 0.471572377538115 0.384446966715258 1 0 0.527654658686966 0.359839556328757 0 0.0829174122804606 0.453183317327958 0.508306265752813 0.373833045751721 0 0 0 -1.65119812806728e-20 0
"21" 0 0 0 0 0 0 0 0 0 0 0 0 0 0 0 0 0 0 0 0 1 0 0 0 0 0 0 0 0 0 0 0 0
"22" -3.2268432772667e-21 -0.0844530140874193 0.0521164213658657 0 0 0 0 0.0695815798454047 0 -3.67119336721719e-21 -0.0445275765988791 0.0237987284859671 0.0326192366765563 0.0571650906125922 0.0574261308667456 0.551716818852131 0.48413781777337 0.6059128193494 0.385286439164321 0.527654658686966 0 1 0 0 0.0558491472003971 0.408176932240473 0.380307549568257 0.181270157934552 0 0 0 0 -2.05621362093524e-21
"23" 0 0 0 0 0 0 0 0 0 0 0 0.488408861069154 0 0 0 0 0 0 0 0.359839556328757 0 0 1 0 0.488905226176299 0 0.428425785553809 0 0 0 0 7.97458920414343e-21 0
"24" -5.48597180026519e-21 0.0693866118244042 0 0 0 0.490529672382964 0 0.0505160756257496 -0.0227894957784805 0 0 0 0 0 0 0 0.607673656495867 0 0 0 0 0 0 1 0 0.411675953093589 0 0.38486544320467 0 0 0 0 0
"25" 0 0 0 0 0 0 0 0 0 0 -0.0174892379908122 0.0680185153193262 -0.0531460407919312 0 0 0.0179366670742267 0 0 0 0.0829174122804606 0 0.0558491472003971 0.488905226176299 0 1 0 0.324413812106941 0 0 0 0.638572022153036 3.7142660319776e-21 1.11231545619718e-21
"26" 2.27413025153476e-21 0.0227153408984989 0 -0.0490752198253726 0.057541170601376 0.0585110047880757 0 0.3016822505846 0.0291114320776016 0 0 0.0390344724481147 0.405488922753314 0 0.359829168783359 0.4433556398001 0.449620908492933 0.458980720733126 0 0.453183317327958 0 0.408176932240473 0 0.411675953093589 0 1 0 0.325167553303359 0 0 0 0 0
"27" -6.87981034792396e-21 0.0419810983018596 0 0 0 0 0 0.278425515522643 -0.0209704058194819 0 0.0335807179111784 0.410573098710346 0.0344628035151308 0.361583293262948 0.267057256848073 0.388851067721118 0.420160748703009 0.432196735926595 0 0.508306265752813 0 0.380307549568257 0.428425785553809 0 0.324413812106941 0 1 0.279005061048046 0 0 0 0 0
"28" -2.2034083683377e-21 0.341329511904292 0 0 0.334321820134151 0 0 0.0664980070163701 -0.00245364949197088 0 0.0106879884082707 0.0190139369014006 -0.000596265001822974 0.038535330785334 0.0853451002184416 0.0464374201471158 0.465557795679751 0.533570681770198 0.425941426722933 0.373833045751721 0 0.181270157934552 0 0.38486544320467 0 0.325167553303359 0.279005061048046 1 0 0 0 0 0
"29" 0 0 0 0 0 0 0 0 0 0 0 0 0 0 0 0 0 0 0 0 0 0 0 0 0 0 0 0 1 0 0 2.69900746545072e-23 0
"30" 0 0 0 0 0 0 0 0 0 0 0 0 0 0 0 0 0 0 0 0 0 0 0 0 0 0 0 0 0 1 0 0 0
"31" 0 0 0 0 0 0 0 0 0 0 0 0 0 0 0 0 0 0 0 0 0 0 0 0 0.638572022153036 0 0 0 0 0 1 0 0
"32" 0 0 0 0 0 0 0 0 0 0 9.68928843436407e-21 9.66708489405972e-21 0 0 0 8.63338730640693e-21 0 0 9.53867382775349e-21 -1.65119812806728e-20 0 0 7.97458920414343e-21 0 3.7142660319776e-21 0 0 0 2.69900746545072e-23 0 0 1 2.69900746533762e-23
"33" 0 0 0 0 0 0 0 0 0 0 1.13736459094313e-20 9.8244395045987e-21 0 0 0 8.82740383800248e-21 0 0 1.15842419242769e-20 0 0 -2.05621362093524e-21 0 0 1.11231545619718e-21 0 0 0 0 0 0 2.69900746533762e-23 1
