"V1" "V2" "V3" "V4" "V5" "V6" "V7" "V8" "V9" "V10" "V11" "V12" "V13" "V14" "V15" "V16" "V17" "V18" "V19" "V20" "V21" "V22" "V23" "V24" "V25" "V26" "V27" "V28" "V29" "V30" "V31" "V32" "V33" "V34" "V35" "V36" "V37" "V38" "V39" "V40" "V41" "V42" "V43" "V44" "V45" "V46" "V47" "V48" "V49" "V50" "V51" "V52" "V53" "V54" "V55" "V56" "V57" "V58" "V59" "V60" "V61" "V62" "V63" "V64" "V65" "V66" "V67" "V68" "V69" "V70" "V71" "V72" "V73" "V74" "V75" "V76" "V77" "V78" "V79" "V80" "V81" "V82" "V83" "V84" "V85" "V86" "V87" "V88" "V89" "V90" "V91" "V92" "V93" "V94" "V95" "V96" "V97" "V98" "V99" "V100"
"1" 1 -0.0252997140046751 0 0 0.00422399612916768 -0.0205359423287 0 0 0 -0.0130618684262125 0.080799272477494 0 0.0534088927659952 0.254877018384715 0 0.0588442546143741 0.12594048582934 0 0.0292776136109492 0.295935690882623 0.525368995953205 0 0 -0.031359108607827 -0.0416764830942206 0.0692667092170243 0 0 0 0 0.15536010290668 0 0.0167459316157096 0.159837145064597 0.182713285573621 0.109513859589246 0.200414104403363 0.242690103249168 0.00184570140898681 0 0.156102964422768 0 0 -0.0330899620374484 -0.187233201979002 0 0.0427935028271356 0 0 0.395116753137792 0.178346281350701 0.0184885868448383 0 0 0 0 0 0.135611426338128 0 0.0942879305967479 0.2426690115955 0 0.227082702769225 0.0123056580035664 0 0 0 0 0 0.077379643650113 0 0 0.247849776778934 0 0.0955215517888121 0 0.231036803266098 0 0 0 0.233588026354307 0 0.20957720342291 -0.10248944439972 0.267147673637248 -0.00560647222586573 0.265192459711683 0.0232748256385086 0.0491370898860133 0.0424796235029715 0.0537128898664205 0.0444586589746004 -0.0167160966176411 0 0.159199230070061 0.382158543711001 0.00895496999895498 0.331764172280598 0.0208341940656279 0.121933422776922
"2" -0.0252997140046751 1 0.0300048455270674 0.0127759686677132 -0.0071221067323903 0.000677817637731346 0 0.0244570457190862 0.00466339380779917 -0.0291230648180581 -0.179937175938904 0.0341331299401666 0.199808209485421 0.108842807230411 0.0084624456487483 0.00843971550758743 0 0.172870862939763 0.358156801125913 -0.0264184698508152 -0.0251623666752901 0.283587349414936 -0.0434496505938263 0.0098529303599435 -0.0140091458297625 0.00526399989957931 0.139473188897475 0.00670248508219219 0.174340909399512 0.00662320951184532 0 0.0110551004625306 0 0.0473986814651959 0.210440408515054 0 0.294552828086534 0.0085551962450083 0.193087122753785 0.135510080913113 0.0284418294954142 0.41245795478016 0.001754825028541 -0.00818990483398004 0.0291491593813673 0 0 0.207458760548892 0.152209828344619 0.029773787431489 0.267545462548756 0.340729928272751 -0.00655897875282041 0.0425719306965989 -0.165217004570596 0.0340002160514807 -0.046070084589152 0.00961019687249222 -0.00679951830613479 0.135749220533249 0.180870466404089 0.241340343633532 0.0211833517353411 0.193039408283864 -0.13308162120535 -0.171828596158071 0 -0.188093006656348 0.0325405660648728 0.238165191388046 0 0 0.0619927889263478 0 -0.0492999620123361 0.23257206770851 0.232331700049796 0.0210532579851528 -0.0157638816677733 0.0111457746024157 0.203701961999075 -0.0022140919128233 0.0640085318749078 0.157247299976834 -0.0228592018229417 0.235654027479775 -0.00629959858286787 -0.00552640086290822 0.188908961610009 -0.0109391206269342 -0.0298498749213932 -0.047174382650655 0.0632837642532527 -0.0246358747980333 -0.0636819254409215 0.0190928631322301 0.241216629863158 -0.00427839791772882 -0.0171127886099887 0.00569228640531306
"3" 0 0.0300048455270674 1 0.0336698874767982 -0.00746770255266495 0.000228388008519841 0.171277366650857 -0.338255686527774 0.237831245072874 -0.0151958458562404 -0.143347051669213 -0.154073558123025 0.0105836608878836 0.00818122062491102 -0.196301156637907 -0.0562922459192091 0.0162264293179025 0.0282748932861272 -0.0025743457116808 -0.0305958817226248 0 -0.0235979463668025 -0.0249807395892482 0.395445968301301 -0.0483173122786843 -0.180957846883208 -0.0165820454167193 -0.00687539041353134 -0.0216133321829196 -0.293488802444154 -0.020809468623127 0.00112078568454191 -0.0336348726504714 0 -0.0164480032002612 -0.181577212993922 0.0264310480660825 -0.0179212348679503 0 -0.00938350953235464 -0.181338035422852 -0.011326703464535 -0.0150468871443999 0.32772402122479 -0.00608554772373776 -0.272525618712809 0.00589584482098475 -0.0191063616814078 -0.00340605148700117 0 -0.00599866363255662 -0.0148449807395744 0.0108501548898553 0.00782802933733708 -0.370520018660809 -0.192358670828103 -0.0155842159587293 0.0180226650137726 -0.152694857777872 -0.022524891471123 0.0315615627754577 -0.0231765796205915 0.0276421719551158 -0.0209815374378319 -0.25158389076304 -0.285452570110794 0 -0.344344145677509 -0.183190138683673 -0.0408181617973309 0.0074192092279255 -0.0249012047224384 -0.185398945531711 -0.0417958609982239 -0.221416347348922 -0.00153013779118404 0 -0.169965874042995 0.0131922551785302 -0.0295642200394651 0.0292333243640106 0.0362734248049036 0.015850267657076 -0.160139008798959 0 -0.0104711711566226 -0.0264152443913413 -0.191575480266035 -0.00453583381632229 -0.00680864781937135 -0.197130243600944 -0.21292685469651 0.0232214493986804 0.267017301588089 -0.348842316752678 -0.140377168594267 0 0 0 0
"4" 0 0.0127759686677132 0.0336698874767982 1 0.618060395524189 0 0.811505730855947 -0.28615974674102 0.23313488509206 -0.337573226374205 -0.175413965747698 0 -0.0107646696879324 0.00894637189507597 -0.13961449163618 0 -0.00553503111031862 -0.000336377154501152 -0.0532939878344152 -0.039165860305276 0 -0.174693247534668 0.00545373241212185 0.233876681138829 -0.0419608695407035 -0.267686798884897 0.0235066286256718 8.08170515951434e-05 -0.0273259663898241 -0.0662604678512447 -0.00256962250253541 -0.0215682175908913 0 -0.0857562771366832 0.033602707887196 0.0250043073675594 0.0171289463734305 -0.000267654705504863 0 -0.00177620050641077 0 -0.0140210398930255 -0.168319462448092 0.24507304059323 -0.270114033028962 -0.232887912297096 0.0239134727865059 0.00937995914423952 0.0123610100591948 0 -0.00340591948883213 0.0103770441647856 -0.00807362095099849 -0.0239863016567242 -0.291813054183632 -0.0343473702198137 0.00874291871873479 0.0263141050035754 0.0175027432455441 0.0176455276375921 0.0251027187593958 0.05162509542834 0 0.00519641466124461 -0.00640940584690145 -0.264808377876905 -0.0856127363844996 -0.325316770715984 -0.0354102926723156 0.0163372194694054 -0.0329040844732079 -0.292841888893016 -0.00243067115459093 0.00279138045851205 -0.208291893070781 0.0216854269776471 0 -0.0738816733200935 0 -0.0757977114421813 0.0139042447363362 -0.174993187988634 0.025335109968268 0 0.00730508697002089 0.00129383887441705 -0.0323306872819184 -0.173930318407013 -0.000217362242928097 0 0 -0.211498628693515 -0.00772589432094548 0.325754636648511 -0.0408085325575169 0 0 0 0 0.0252359183435465
"5" 0.00422399612916768 -0.0071221067323903 -0.00746770255266495 0.618060395524189 1 0.442216618620563 0.588188622502691 -0.196770237169653 0 -0.337692262379602 -0.159020045152271 0 0.00910848977080889 0.0110675813913344 -0.153577831391155 -0.287680378130866 -0.0122960933837681 0.0411512605969412 -0.00808490632612445 -0.01362325144008 0.0242989606935269 -0.206520203279777 -0.0371109377011818 0.197948733170487 -0.125473868339174 -0.294943654753764 0.0220578019267258 0.0184302349117163 0.00184236413039319 -0.110444080976829 0 -0.0141076239639642 0 -0.118437271985758 -0.0220059735509751 -0.00683928116670994 -0.0347482627897557 -0.0219908390333979 0.198848127465925 0 -0.220713063207311 -0.0151661518276541 -0.137824130965142 0.284975309374792 -0.229358471922461 -0.164451515319393 0 -8.53852097211233e-05 0.0288627459267391 -0.0125444858164605 -0.0301786197252313 0.00155434831565858 -0.00540582512864894 0.0226776881827495 -0.323096098254527 -0.0144321477971364 0.0132869287055109 0.0170283809035784 0.0321530942955879 0.00603697563320836 0.0260080428232277 0.00151756109386101 -0.0114913804653345 -0.00298508959031296 -0.0410261855034946 0 0 -0.357717969202269 -0.0359817505091651 0.00097415577628771 0.0263172152621571 -0.249134766765135 -0.00919861607215921 -0.00478875396240386 -0.276072585851115 -0.00905268840047761 0.0128725444340759 0.000945337313606219 0 -0.163072129192512 0.0166322686142683 -0.104744280219515 -0.00529796669691114 -0.179647656569029 0 -0.00120880669600703 -0.0154741572415176 -0.225203710829868 -0.0350990335163934 -0.00615352590165429 -0.198972015250019 -0.353150619207921 -0.032908739261183 0.376615456670638 -0.0382304013160308 -0.111761700533358 -0.134358655473127 -0.00615486443498179 -0.292144005327622 0
"6" -0.0205359423287 0.000677817637731346 0.000228388008519841 0 0.442216618620563 1 0 0 0.297200555877468 0 0 -0.208234840698076 0 0.118826672760794 -0.0496886399820924 -0.220660203958397 0 0 0 -0.00291262412617087 0.0182964716766287 -0.169461460922592 0 0 -0.0473068341368444 -0.271662006075644 0.149938417952381 0 0 -0.0264025360180565 0.0385061579254857 0 0 -0.0520387837185566 0.00325383710506488 0 0.000854951882616474 -0.022010997919785 0 0.0322678027064446 -0.168516224217034 0.00516382778878611 0 0.230132151726253 -0.169921755144539 0 0 0 0 0.0283454578000484 -0.000970083980501981 0 0 0 -0.313703201413196 0 0.0320927996140829 0 0.155936484031655 0.00968340794950944 -0.0189980158918332 0 0.0661665623355751 -0.0325765017811853 0 0 0 -0.311276341817168 0 0.00934427567651831 -0.0390068108089518 0 -0.0558116483988031 0 -0.242022058696543 0 0.00682602594481444 0.0174309459127607 0.247264338313348 0 0 0 0 -0.185143062653693 0.00423841123874311 0 0 -0.19716787291351 0.0150677717238984 -0.0137299596324226 -0.291238960051117 -0.206647657158308 -0.0116026503487679 0.367441590222086 0 -0.0607592612892665 -0.0119311018700574 0.00866698086136444 -0.397054188825212 0.00122096507110073
"7" 0 0 0.171277366650857 0.811505730855947 0.588188622502691 0 1 -0.26907506470273 0.33233886340066 -0.339057050222212 -0.261853753513991 0 -0.0113918236557745 -0.032521672076897 -0.129460407990622 -0.188920314603797 -0.0129874356583249 -0.0158065222185758 -0.152184639152911 -0.0220762937702723 0 -0.207460626780679 0.018964141159117 0.332285649992312 -0.11693695545263 -0.308765815713006 0.0262851382051767 -0.00554897756756342 -0.0649235330399016 -0.243518459528647 0.0316712632256983 -0.0294704651622724 0 0 0.00199399057291737 -0.00791441539177701 -0.0164329362519851 0.00630743187710191 0 0 0 -0.0227367299635882 -0.191866030501063 0.338881258662288 -0.268432746689973 -0.297317319984641 0.0116042876227423 -0.00424659467898684 -0.0306641258692425 0 -0.0010880325515841 -0.090987513461177 -0.0474317614724328 -0.042224982288754 -0.355335818225001 -0.0824283804738331 0.0180835665501119 0.0164745005922895 0.000911615675634101 -0.0261916814313006 0 0.0293773694198989 0 -0.000294467672436024 -0.0603000320247196 -0.30657924953525 0 -0.347001399118079 -0.160416985946966 -0.00221165515235309 0.00170940800103027 -0.299510193156533 0.000236390857135555 0.0131664858588504 -0.266521856506397 0.0229364682964488 0 -0.019464407546959 0 -0.177637932357943 0.0459204707843202 -0.0783504177033035 0.0393230790704603 0 0.0388850641680178 -0.0180943047439336 -0.000910983616910318 -0.194053486045891 0.00428970452536233 -0.0333680705775592 0 -0.228935990300314 -0.00129543946934249 0.389766495271142 -0.130126827325389 0 0 0 0 0.0219919999770025
"8" 0 0.0244570457190862 -0.338255686527774 -0.28615974674102 -0.196770237169653 0 -0.26907506470273 1 -0.289751560627689 0.303186736032531 0.275453991186209 0 -0.00839953540883992 -0.146170351043585 0.0231977083596021 0.317281616497015 -0.122541828905548 -0.0289100784165367 0.0190503138488199 0.0358297557164932 0 0.165548146607824 -0.0341986835991551 -0.414238001732809 0.0329838761662049 0.211180105229789 -0.0740706106246275 -0.0425599159416255 0.235482525445386 0.0276302604080357 0.000871920393209293 -0.00875226365422585 0.119260348637207 0 -0.0308426164426646 -0.013735907624633 -0.012483318286058 0.0030645539805193 0 -0.0267144422931179 0 -0.027318846548438 0.053129587814056 -0.364698994805211 0.00872583850488322 0.296387958306304 0.00674250084159893 -0.0105354673674828 0.0110521567669314 0 0.0198823556158113 -0.0129333889666516 -0.0437852480570889 -0.0226302287040759 0.41773154210853 0.190779971202254 -0.0313804291401669 -0.0325761747701392 0.0423755819492955 -0.0169201121071631 -0.0427559847419459 -0.0401445086537589 0 -0.0226277907846644 0.291936664087127 0.408485408181514 -0.0597590748467217 0.336825413593907 0.0769389922137959 -0.0269090179471838 0.0341204058248838 0.185233283613341 0.0196468247965392 0.00412540348282671 0.238298627535024 -0.191586254687682 0 0.0103303396032652 0 0.0582299798962973 -0.196912944217512 0.0106342801832792 -0.0259940132656828 0 0 0.00906547921271553 0.00836859599800355 0.171536866731615 0.00427160685392549 0 0.292964113070935 0.278443674035009 0.0592099497901616 -0.303345477027173 0.0585458092748845 0.0184936651207138 0 0 0 0
"9" 0 0.00466339380779917 0.237831245072874 0.23313488509206 0 0.297200555877468 0.33233886340066 -0.289751560627689 1 0 0 -0.277208434934742 0 0.126801492722818 -0.202435244040845 -0.274055899320334 0 -0.00718887835481183 -0.00847706724277542 -0.00546770556799288 -0.0500023535217943 -0.211015081724622 0.189172913582311 0.327487968016664 -0.240883414060075 -0.362712330864637 0.0373917488782236 0.0272549059430473 -0.263086114826769 -0.151414065075492 0.0176191064575132 -0.0235188264264588 -0.154265349791561 0 0.00250119749575773 0.0166377214828677 -0.00394776233151287 -0.00811514105333784 0 0.0151862415445819 0 -0.0231005123594822 -0.133348173761019 0.332444984299194 -0.182645107601144 -0.331642283614622 0.00378904904255052 0.00467883343166452 -0.0176858201279894 0 0.00339358323071037 0 -0.0318922128107307 -0.0307042476062528 -0.38196812001046 -0.185989968063054 -0.014865459169599 -0.0137573847834279 0.0495714167801285 -0.0221618245518492 -0.0128645652595299 0.0236990453497267 0 -0.0224477656762054 -0.0910582204185697 -0.29868968390804 0 -0.413076991231914 -0.159972624102218 -0.0111532561864765 -0.0247068308300341 -0.212382548680371 -0.0213462776053855 0 -0.304265088386629 0.176989634800182 0 0.0170414957155335 0.228281881029889 -0.207904513180045 0.0106597642967424 -0.164559765826316 0 0 0 -0.0442548140433343 -0.000551586138687802 -0.227571837574626 -0.0598020032876583 -0.144718218483884 -0.270264840056363 0 -0.209952932163775 0.483266108912619 -0.0876763123811253 -0.0473733829518006 0 0 -0.263645567848133 0
"10" -0.0130618684262125 -0.0291230648180581 -0.0151958458562404 -0.337573226374205 -0.337692262379602 0 -0.339057050222212 0.303186736032531 0 1 0.514872404458643 0 -0.00110380359092983 -0.000872850075680515 0 0.285046219058239 -0.00458199511271712 0.02023850546976 0.124796553295075 0.227660018171659 0.0395976932209716 0 -0.024851527725028 -0.417687710612643 0.0172774351383661 0.454118769465577 -0.0378515243728484 -0.00302396058426871 0.306048468035504 -0.032677504318503 0 0.143940828629047 0 0 -0.00527657948970891 0 0.0175990736567862 0.0265879336531578 0 0 0.211672489414162 -0.0127356562732641 0.217715670162165 -0.351690628157673 0.194887671791561 0 0 0.00273440027414879 0.0128934203777216 -0.0278260121732104 0.00380774184682003 0.081279234750023 -0.0062906369756569 0.0374677409730241 0.416716753903629 0.12845757471071 0.0187377956119808 -0.0163204636869753 0 0.00133311041530834 0.00640109923300842 0.0485400618448395 -0.0067085018602383 0.0110683365481619 0 0.419639620117767 0 0.436401410775478 0.181196056147043 0.0539320233619232 -0.0105645877020046 0.126701054770811 0.0405617706873473 0.0355601843341818 0.388954997061009 -0.0507720649923611 -0.00376784214086385 0.149402511630814 -0.122588222245687 0.392511988182214 0.050870223046686 0.277472217707422 0.0124535632387425 0.0123936457466212 0 0.0456884569379033 0.115525298959508 0.224247715454797 0.175517042931658 0 0.315213951912267 0.439954335566809 0.223552882822103 0 0.220222056180144 0.227102714394121 0 0 0 0
"11" 0.080799272477494 -0.179937175938904 -0.143347051669213 -0.175413965747698 -0.159020045152271 0 -0.261853753513991 0.275453991186209 0 0.514872404458643 1 0.241380333129954 0.0842514028188011 -0.00888296187688164 0 0.196617018450236 0.029843846375078 -0.015746770421433 0.0124738411875731 0.369575303968455 0 0 0.230789733700041 -0.381412017900406 0 0.412621792606865 0.0264259694757184 0.224192543481992 0.17682547874277 0.031503984650304 0 0.133877115323459 0 0 -0.00831287588816746 0 -0.0204334321373221 0.0618492137994056 0 0 0.155305854772213 -0.160471892975033 0.208922482241985 -0.29185516689318 0.0284683522293281 0.31988139894792 0 0 0.204490893047024 0 -0.0453124090031608 -0.056375421577393 0.0541450064170615 0.0383793691868781 0.361107270901153 0.201164237914895 0.352983919026326 0.0281498098839704 0 -0.0132326811288065 0.0149594242816456 0.0188959271541708 0 -0.0378561464240559 0 0.365734265065686 -0.0182521342250503 0.363278026975184 0.0930340001319335 -0.0361386099850071 0.0597224464181048 -0.0327660017625924 0.0140163864562655 0.0124932330780839 0.419755031211527 -0.0319295055793582 -0.0267602399608523 0.241912260855357 0.0135712128983938 0.27122927337976 -0.0210399034108133 0 0.0416662247767162 0.0259727309464751 0 -0.0476446207175981 0.211251996615529 0.217875518121017 0 0 0 0.185047939511232 0.14098017103457 0 0.281721007146324 0 0 0 0 0
"12" 0 0.0341331299401666 -0.154073558123025 0 0 -0.208234840698076 0 0 -0.277208434934742 0 0.241380333129954 1 0.09281018462305 0.1154113770964 0.235141539531247 0 -0.0345465310815416 0 0 0.296516068969304 0.171558058696614 0.116271183110556 0 -0.349573295336213 0.220082695031977 0.286283867123977 0.100058342827072 0.117109842628005 0 0 0 0 0.22539963761742 0.24912789837887 0.236036400740554 0.0922152582928514 0 0.26200282905607 0 0.214828135164386 0.326766734130619 0.0264675089596616 0.285935565422709 -0.269506225754005 0 0.293547396011487 0.156379559883489 0.115063734153751 0.243573035653893 0.244738514097127 0.0612532950664912 -0.0469220763733215 0 0 0.323158424192591 0 0.182887480196277 0 0.0926779956820783 0.19692540655691 0.121191085634154 0.20417724509377 0 0.148703196305468 0 0 0 0.300487415959141 0 0 0 0 0 0 0.370221251025147 0 0 0 0.0995743072834465 0 0 0.167815913023798 0 0.110180132872152 0.179726670861526 0 0 0.346590019545858 0.184886896377114 0.209549339991971 0.324661873935792 0 0 -0.188092463396576 0 0 0.190703256490166 0.160286200160527 0.273761725312342 0.189206071323238
"13" 0.0534088927659952 0.199808209485421 0.0105836608878836 -0.0107646696879324 0.00910848977080889 0 -0.0113918236557745 -0.00839953540883992 0 -0.00110380359092983 0.0842514028188011 0.09281018462305 1 0.254681579921151 0 0.14468006345716 0.528637948374935 0.377505784181965 0.369249822581074 0 0 0 0.211120277370914 -0.189587915041469 0 0 0.337242103914127 0.319278925773597 0.278823854636639 0.248567447268148 0 0.289412795555744 0 0.155350819496377 0.349718842925581 0 0.327994265706918 0 0 0.268652490341348 0 0.367753974355394 0.377407163226277 -0.206761417680523 0.151964055977671 0.127153129704243 0 0 0.358239381983869 0 0.35078684158112 0.307742065501946 0.242494112305369 0.20269464876844 -0.00171937404200927 0.293391945974918 0.2249424162937 0.271161692016487 0 0.298187795553561 0 0.335644409868373 0 0.317467364664071 0 0.111225975307739 0.286161465871087 0.139789300365563 0.399323949160226 0.249672792169096 0.225204527274379 0.00946147803464842 0.311765585589366 0.352049323367023 0.240791738054359 0.319562405878093 0 0.330667040006883 0.128896035898345 0.275501665034486 0.398780509058957 0 0.361073586022413 0 0 0.281549668716265 0 0 0 0 0 0.208303976177177 0.123578766994244 0 0.167469362407175 0 0 0 0 0
"14" 0.254877018384715 0.108842807230411 0.00818122062491102 0.00894637189507597 0.0110675813913344 0.118826672760794 -0.032521672076897 -0.146170351043585 0.126801492722818 -0.000872850075680515 -0.00888296187688164 0.1154113770964 0.254681579921151 1 0.275515963016522 -0.0286344327052796 0 0.42612569104168 0.236563754664175 0.317745711019354 0.228201216659932 0.0139285160470823 0.252088180964594 -0.18086295646242 0.38414982437989 0.0238754473865737 0.45069902974066 0.385651380953633 0.20063868958956 0.244452511599808 0.346506331590102 0.393809597955583 0 0.234101021284175 0.42978626503875 0.337936039994886 0.383418939195536 0.486548648283296 0.232329105151309 0.456585635175854 0.299484297653021 0.285773958910071 0.339999842613187 -0.217655115378503 0.169024223471775 0.0110166054231146 0.383425211139322 0.41086579619044 0.422847227307255 0.325999189285968 0.36084623100541 0.171747668031119 0.388809699315004 0.40188834662557 -0.00909994452569562 0 0.258818654328875 0.378489862636214 0.445499623284388 0.360531249499917 0.452761119664315 0.346901813312975 0.293374070117724 0.374427192451298 0.208088667255611 0.133941106965545 0 -0.0542795896637292 0.378005973341514 0.44864014143128 0 0 0.412808459657411 0 0.234102115122438 0.391737652769945 0.267899278481582 0.352647916994649 0.390299088644162 0.2995501934258 0.393663434797358 -0.0316656481335871 0.304843200168897 -0.016488205531633 0.291787459851198 0.320816634498886 0.278726662267884 0.0931158676395912 0.49876352981827 0.260759850286873 0.118394102193053 0.130345910252196 0.0518234994137158 -0.00753173820108574 0.182941629536505 0.286131094014769 0.214451983837972 0.279531300491231 -0.0417225537331424 0.33692755959219
"15" 0 0.0084624456487483 -0.196301156637907 -0.13961449163618 -0.153577831391155 -0.0496886399820924 -0.129460407990622 0.0231977083596021 -0.202435244040845 0 0 0.235141539531247 0 0.275515963016522 1 0.234200103721941 0 0.211391230259975 0.0394089239160928 0.403125698138995 0 0.0695808961420697 0.372719752219714 -0.38047465110617 0.305311815047917 0.377475893738829 0.308456660019524 0.356372271801813 0.231235961076213 0.249836425937432 0.228094748927862 0.267450098150992 0 0.171242676012114 0.311412119358272 0.350121590213068 0.296961071399354 0.323672852130408 0 0.448399427603512 0.254324441512059 0.126435710743638 0.357584493772239 -0.270213113412248 0.012648105709862 0.288438780986861 0.331298610627657 0.338709725785209 0.397121618541755 0.263030487779131 0.217325216919226 0 0.138486410751921 0.189087051382317 0.227706055702036 0.258804407730718 0.371319900345873 0.214229363087207 0.317740870092516 0.227591519648958 0.261468133921937 0.263484952731882 0.20359187063302 0.236669250265676 0.337711839897542 0.23214865803306 0 0.340815874998051 0.410161102193771 0.174077696542711 0.0410371713020938 0 0.393186702782543 0 0.458494819285774 0.15882708432807 0 0.374592068500996 0.141767698447426 0.47078101583304 0.378358083775815 0.206471531526487 0 0.0324295279673447 0 0.144856972082412 0.358321449970462 0.3318435739834 0.320605271712722 0.257140516564156 0.295663212741703 0.237610864449864 0.187431170803479 -0.274773315837175 0 0.281678780914993 0.14517959059685 0 0.223488419126916 0
"16" 0.0588442546143741 0.00843971550758743 -0.0562922459192091 0 -0.287680378130866 -0.220660203958397 -0.188920314603797 0.317281616497015 -0.274055899320334 0.285046219058239 0.196617018450236 0 0.14468006345716 -0.0286344327052796 0.234200103721941 1 0.00838231385553958 0 0.089884562760148 0.029108919839967 -0.0439954011778728 0.344382479983233 0.00869998179438324 -0.345664264114559 0.300209064718194 0.30212788867456 0 0 0.306590493230241 0.294506288865124 0.0447130112433686 0.0221896340415609 0 0.190725789866396 0.207865686388647 -0.0193064897479922 0.0263065414256953 0.218851423309472 -0.112361139377261 0.0378810414538301 0.212122437002907 9.20847279192673e-05 0.208695933480869 -0.284825730939356 0 0.402892987806107 0.111911006066355 0.0160221014564134 0.169769553369721 0.0849134055161871 0.019103700436917 0.012513460476583 0 0 0.429102138848036 0.295794217422412 -0.0240280084876445 0 -0.00594679570937433 0.0982217528728719 -0.008831494572059 0.12702047685806 0.0799123139390866 0.233892105600542 0.375299806986273 0.32595092043474 0 0.495450683255777 0.247126988093337 0.0633658392907497 0 0 0.150688503274895 0 0.312571784931447 -0.152661606980312 -0.0536824885484842 0 0.0194869373856376 0.405093001486122 0.00284813784427955 0.364633113208852 0.142102381508246 0.305238160434181 -0.0141641344891179 0.0133975489099112 0.0510245391103544 0.451109749665273 -0.0056757678123152 -0.0130285525249426 0.363345339712396 0.43362412625018 0.458781739230688 -0.174095767456625 0.198938761064974 0.192833926880033 0.20205368138207 0.00398836240931204 0.202631631247802 0.010117506980096
"17" 0.12594048582934 0 0.0162264293179025 -0.00553503111031862 -0.0122960933837681 0 -0.0129874356583249 -0.122541828905548 0 -0.00458199511271712 0.029843846375078 -0.0345465310815416 0.528637948374935 0 0 0.00838231385553958 1 0.349487930378001 0.221887651077624 0 0 0 0.287245702730313 -0.129310639589476 0 0.145739885956887 0.336429021870857 0.390896417675679 0.188553375238409 0.197962591965961 0 0.356771407875268 0 0 0.261665566735762 0 0.363344308432755 0 0 0.223865751691776 0 0.322835915114669 0.348183137817563 -0.124102904443601 0.0617688932014543 -0.00251692111697193 0 0 0 0 0.290846051230643 0.220830344159818 0.281971827200987 0.278942548639839 0.0196584790482569 0.28763716119752 0.292383961047233 0.360175015162858 0 0.408215326944307 0 0.260597137672154 0 0.213634337564147 0 0.0242220002190609 0.24862826999997 -0.0263240318845107 0.315964096408273 0.26068856855956 0.280491935561868 -0.0362828731172643 0.34156613627276 0.362881407161933 0.171677966103882 0.348820535710788 0 0.305634834475011 0.201298487804021 0.284399335953868 0.372623786644229 0 0.310440747191259 0 0 0 0 0 0 0 0 0.106019188206119 0.176061590143874 0 0.225744579723805 0 0 0 0 0
"18" 0 0.172870862939763 0.0282748932861272 -0.000336377154501152 0.0411512605969412 0 -0.0158065222185758 -0.0289100784165367 -0.00718887835481183 0.02023850546976 -0.015746770421433 0 0.377505784181965 0.42612569104168 0.211391230259975 0 0.349487930378001 1 0.436495008347124 0.205214247169723 0 0.0259972428506292 0.398187513359124 -0.285488870217774 0.270549660693514 0.148075928683077 0.575072112840115 0.472307274805427 0.314972105073892 0.301402362398917 0.309972591638453 0.585765139151662 0.13443083884159 0 0.346673056711212 0.440317321899108 0.40152594004691 0.260388796686042 0 0.377384700390811 0 0.511351187974525 0.470968603509851 -0.356234727604951 0.250024129575578 0.077064002460586 0.390664606285369 0.502898936459508 0.504914712254648 0 0.364110069000634 0.202756353698835 0.460458570768318 0.540266375941814 0.00851452274086039 0.471969713255353 0.341954599070373 0.535938408861143 0.464890283618008 0.340170234037453 0 0.381578648468127 0 0.354487148064351 0.307897446295783 0.218953578740219 0.263657671947615 -0.0193889341179159 0.555251690453735 0.392136908961823 0.472341218878409 -0.141021411709169 0.501450836033157 0.422606578821213 0.317435852967348 0.596653591306248 0 0.568868795619629 0 0.372456147631861 0.603037426102949 0.038837042178407 0.369554740908509 0.0218696721470344 0 0.393275385437803 0.295351864687693 -0.0187109783888322 0.340419947468365 0.285965126541156 0 0.208916158615225 -0.00544073464899868 -0.150493376927293 0.266671566907127 0 0 0 0 0.267375043837411
"19" 0.0292776136109492 0.358156801125913 -0.0025743457116808 -0.0532939878344152 -0.00808490632612445 0 -0.152184639152911 0.0190503138488199 -0.00847706724277542 0.124796553295075 0.0124738411875731 0 0.369249822581074 0.236563754664175 0.0394089239160928 0.089884562760148 0.221887651077624 0.436495008347124 1 -0.0164585374786155 0 0.334847278085366 0.0450114345382928 -0.22829120624898 0 0.139371068590752 0.236742557039687 0.161692069947903 0.357673161719245 0.343995162817252 0.228507797921467 0.369778514352978 0 0 0.271481418049255 0.303771343169566 0.243749116503565 0.213697553670368 0 0 0 0.581218356689721 0.337769641826984 -0.35951720009725 0.428627709272054 0.0617722490898838 0 0.424670764142181 0.38166763516493 0 0.33511710733988 0.472098407367158 0.498683912785561 0.378622853211305 0.00251286076695734 0.375134039611301 0.0361810183018356 0.221361622625888 0.23426333562074 0.219207558184948 0.142099114334697 0.323553487415888 0 0.448317177379065 0.163707107272947 0.186669202671746 0.203737057410649 0.00229802345111934 0.398630581300081 0.303666629076943 0.37303145587426 0.0405083753463273 0.373022900563727 0.410616726130909 0.194073594923358 0.334328955425627 0 0.25498755934795 -0.00331351634652423 0.273593345882417 0.326457095323477 0.0349670922522069 0.313139825656795 0 0 0.363229479869202 0.0670253729722981 0.0256622156247096 0 0 0 0.321312562241314 0.181472979499941 -0.182246397485738 0.0837389074534696 0 0 0 0 0.166410479943615
"20" 0.295935690882623 -0.0264184698508152 -0.0305958817226248 -0.039165860305276 -0.01362325144008 -0.00291262412617087 -0.0220762937702723 0.0358297557164932 -0.00546770556799288 0.227660018171659 0.369575303968455 0.296516068969304 0 0.317745711019354 0.403125698138995 0.029108919839967 0 0.205214247169723 -0.0164585374786155 1 0.434813299072079 -0.0493785658348981 0.45142009439635 -0.361008745849908 0.116134821372946 0.268358021829855 0.302962785891662 0.349109402439284 0.213961930418549 0.03891420861007 0 0.267514368983988 0.172668202783825 0.122394976933107 0.318335726028707 0.202358545819551 0.321931197632269 0.364441327887129 0 0.258186288449795 0.233618108898002 -0.0950690051945846 0.303389425656049 -0.285850454526316 -0.0187253661444964 0.213900964661816 0.295631214039884 0.305194016327749 0.261443679717926 0.336106059035217 0.150766450575238 -0.0125111096837995 0.0948136342169373 0.133647015352566 0.184459745137206 0.17670041495979 0.453280122865966 0.168368396236561 0.286420025904372 0.3259485218505 0.250445730519885 0.207220415142439 0.253416837958763 0.060137314793967 0.257268922555148 0.340076466877471 0 0.205352973981287 0.243294317057786 0.0860894216872165 0.190811640631454 -0.0384894687027403 0.314730026311984 0 0.452828854246038 0.189863331105981 0.19204656830471 0.40902395555138 0.192067542925538 0.385764510909118 0.26173957975102 0.197328971788269 0.342099580550524 -0.232962904782396 0.207200300529337 0.194322161882979 0.553313092681213 0.253133309453288 0.283947544483749 0.254297318524273 0.219847583595356 0.189295309150758 0.0599778661797999 -0.116914755758782 0.377045085394186 0.34609733782304 0 0 0 0
"21" 0.525368995953205 -0.0251623666752901 0 0 0.0242989606935269 0.0182964716766287 0 0 -0.0500023535217943 0.0395976932209716 0 0.171558058696614 0 0.228201216659932 0 -0.0439954011778728 0 0 0 0.434813299072079 1 0 0 -0.195210747975288 0.0131045468803353 0.0999808143765985 0 0 0 0 0.130148738621739 0 0 0.235663289102306 0.193108030488547 0 0.196060845345247 0.256039423836801 0 0.154302615897403 0.220676814157174 0 0 0 0 0 0 0 0 0.494496737725041 0.114389838625832 0 0 0 0 0 0 0 0 0.143670251048892 0.299497972601545 0.140651687760801 0.418910255442566 0.0250036584318533 0 0 0.181246565638309 0 0 0.000594436104882393 0 0 0.291975727017313 0.16055097829506 0.211881281067472 0 0.28155534693034 0 0 0.187301363954887 0 0 0.242070322799034 -0.160927446924892 0.322524134032486 0.0264013976984569 0.303668228414833 0.174532932525437 0.14581282814065 0.130111987150533 0.218485643783116 0.0148085677659939 -0.0423617627519449 0 0.230939545036938 0.470239484618254 0.0784528550857512 0.469724056905931 0.0512698255353833 0.272567702361401
"22" 0 0.283587349414936 -0.0235979463668025 -0.174693247534668 -0.206520203279777 -0.169461460922592 -0.207460626780679 0.165548146607824 -0.211015081724622 0 0 0.116271183110556 0 0.0139285160470823 0.0695808961420697 0.344382479983233 0 0.0259972428506292 0.334847278085366 -0.0493785658348981 0 1 -0.249749213848428 -0.26880209807172 0.47537132495502 0.101059179095125 0.0139716467822885 -0.0184577615680747 0.23102070399514 0.385663590887719 0 0.112841728990792 0 0.169716342431223 0.272510598202736 0.240607955818699 0.0479394339118453 0.100617672932725 0.00438761543529333 0.041587403407322 0.1390761451761 0.330976652200981 0.0244149489839118 -0.336759331048275 0.407440844277678 0.154037482458188 0.15406711028957 0.209648951577432 0.164984325770481 0.0804327867367081 0.160409992622343 0 0.185378236967713 0.152985936607566 0.242156989206156 0.277937076018304 -0.223569520802957 0.0111420520011294 0.032661859775661 0.0784403091241956 0.0350913838432591 0.337801675613239 -0.00309375936976052 0.407167624927527 0.144048331042244 0.176438686399478 0 0.0694535036138368 0.152761200941095 0.083772411262829 0.00837401400840911 0 0.148235895581368 0.0550842908768138 0.0611616082403604 -0.00704535977480565 0 -0.0153988975969805 -2.16365404409721e-05 0.114927506724202 0.00464299210581674 -0.0210806140767709 0 0.442246379168007 0 0.269402090967358 -0.0413411921195655 0.264027927077233 0.0434998255042223 0.0056642743181445 0.18398010964668 0.316928012231138 0.288053724697032 -0.263891848923042 0.0523265361542758 0.0174070480025934 0.285795062144032 0 0.0280757335710555 0
"23" 0 -0.0434496505938263 -0.0249807395892482 0.00545373241212185 -0.0371109377011818 0 0.018964141159117 -0.0341986835991551 0.189172913582311 -0.024851527725028 0.230789733700041 0 0.211120277370914 0.252088180964594 0.372719752219714 0.00869998179438324 0.287245702730313 0.398187513359124 0.0450114345382928 0.45142009439635 0 -0.249749213848428 1 -0.132881781049795 -0.0783315492460721 0.112233152273571 0.435020329209132 0.673913143380261 0.0588344548155505 0.0270427496336871 0.209522851328777 0.28704711978336 0 0 0.263284549659307 0.234724766400505 0.28962987480975 0.236770553902607 0 0.323321480174025 0.132271100111284 0.0409451227542863 0.37215801055999 -0.0347422673986602 -0.172088061756304 0.0613298114471531 0.200812066292633 0.283442967869354 0.323845297522013 0 0.193073323400952 -0.0174597832614042 0.100245145581766 0.197642640958721 -0.0251465615422706 0.188937895993096 0.640279264907374 0.341605333307812 0.424109786287948 0.216510538112105 0.22436016598389 0.183425207707073 0 0.00959680077023054 0.28051932426354 0.0423604709575708 0.233821021194166 0.0320919777909006 0.351705298705864 -0.00478020184454476 0.216061502313607 -0.15187735022667 0.288156985586618 0.208711180254236 0.221003299406179 0.421983150256359 0 0.58888387545273 0.354426320542871 0.268592315389654 0.404324274791743 0.0115038140500744 0.414227015458074 -0.206667026949712 0 0.0447956528455725 0.400962059178927 0.0221930327463084 0.17248652511535 0.0518207661140938 0 0.0214309365758865 -0.0166274970615143 0.0515497932193158 0.291562432169698 0 0 0 0 0
"24" -0.031359108607827 0.0098529303599435 0.395445968301301 0.233876681138829 0.197948733170487 0 0.332285649992312 -0.414238001732809 0.327487968016664 -0.417687710612643 -0.381412017900406 -0.349573295336213 -0.189587915041469 -0.18086295646242 -0.38047465110617 -0.345664264114559 -0.129310639589476 -0.285488870217774 -0.22829120624898 -0.361008745849908 -0.195210747975288 -0.26880209807172 -0.132881781049795 1 -0.306784585570128 -0.500809232651067 -0.246367695251573 -0.267722626803829 -0.404197149556313 -0.363022815070287 -0.163255734340248 -0.40377037941953 0 0 -0.250272685395543 -0.231001670718608 -0.175474907731805 -0.258531001765311 0 -0.207509788836565 -0.295888649415004 -0.203434804014751 -0.407299269993248 0.680730805804 -0.346975976208127 -0.374771589454708 -0.27710301447235 -0.340936318276747 -0.425650077418681 -0.215911285349007 -0.197734837462096 -0.140726616742682 -0.247360259968026 -0.268169322459622 -0.526167790852949 -0.3875563841385 -0.303776435401814 -0.221795112972745 -0.253410188335911 -0.282741516158824 -0.0401810767100859 -0.267838111776109 0 -0.364487529093443 -0.329554367612363 -0.562492029615602 0 -0.506439260981214 -0.441056923521241 -0.13924256259384 -0.180537576135888 -0.0148718300188919 -0.44571029601426 -0.213111658854069 -0.59450001211777 -0.0403876095468303 0 -0.353054288307071 -0.0130587846750302 -0.580389759863715 -0.282382574318493 -0.191934800031891 -0.22861942150155 -0.125794317232763 0 -0.230390202103786 -0.22081544938185 -0.380125029760722 -0.273530019270701 -0.292791918738919 -0.397316422100834 -0.443947861842516 -0.211949160097967 0.438409549422464 -0.396750359522006 -0.307288147316272 0 0 0 0
"25" -0.0416764830942206 -0.0140091458297625 -0.0483173122786843 -0.0419608695407035 -0.125473868339174 -0.0473068341368444 -0.11693695545263 0.0329838761662049 -0.240883414060075 0.0172774351383661 0 0.220082695031977 0 0.38414982437989 0.305311815047917 0.300209064718194 0 0.270549660693514 0 0.116134821372946 0.0131045468803353 0.47537132495502 -0.0783315492460721 -0.306784585570128 1 0.21734308119823 0.270331980586642 0.0880878371278996 0.281561541307639 0.530950655617421 0 0.334272754143419 0 0.24597542268608 0.377903778485863 0.266481610665357 0.226623843230917 0.362184463489061 0 0.321910821403373 0.311095483636027 0.315291817502859 0.270227238216901 -0.329909596869431 0.41491288534733 0.203882883512982 0.411590728501658 0.343261834343093 0.36011653424668 0.16098883932004 0.326728588082549 0 0.359735732169039 0.370177727473516 0.303757461073259 0.33106048400408 -0.0102999300459225 0.278382950402599 0.249018284077953 0.31902041381257 0.255629003742312 0.414741290232228 0.18192180457885 0.447899767003498 0.243060289749992 0.233745253186689 0 0.179391304953369 0.356371596483599 0.413854831267376 0 0 0.295028669889196 0 0.345416810309475 0.190986272868498 0.0230242985609061 0.18871639369362 0.0667192792568142 0.290076056388305 0.225445531289539 0.0015509581117383 0.170628458566905 0.410264482571995 0.184375329443336 0.388477130199782 0.0928556896001193 0.430833832380477 0.386454031265473 0.325959855411152 0.27713175539715 0.298166885497447 0.354848207571356 -0.213446557111208 0.270369549899119 0.197000893555991 0.320212945955439 0.0421312100552882 0.175029409008183 0.239620396209263
"26" 0.0692667092170243 0.00526399989957931 -0.180957846883208 -0.267686798884897 -0.294943654753764 -0.271662006075644 -0.308765815713006 0.211180105229789 -0.362712330864637 0.454118769465577 0.412621792606865 0.286283867123977 0 0.0238754473865737 0.377475893738829 0.30212788867456 0.145739885956887 0.148075928683077 0.139371068590752 0.268358021829855 0.0999808143765985 0.101059179095125 0.112233152273571 -0.500809232651067 0.21734308119823 1 0.0318398213590156 0.238479981094247 0.382147030531811 0.157515771779393 0 0.317307921577511 0 0.228415525452044 0.0986787182800868 0.0770177447211966 0.40065676326239 0.225807552057745 0 0.207727773572631 0.297782611531281 0.181268312208557 0.385687381172608 -0.380774877637098 0.27331914844909 0.218981161954119 0.142541955440188 0.243819467320271 0.259487445683427 0.0505454123205791 0.252371191765283 0.235163121326568 0.192222759339703 0.126592598414256 0.482757841369482 0.273311358115897 0.292020082347291 0.0956361539954829 0.0515316824078821 0.189937885048586 0.182233630400878 0.173608400406595 0.0318526063386333 0.188107352356351 0.256353901612297 0.48745388080965 0 0.454379734959076 0.291046234977997 0.252253155587263 0.14184986642594 0.0471710336742023 0.246004226915622 0.185176535889495 0.651327545307138 0.0167853279013169 0.00444928617676774 0.260168701985396 -0.0786528221894949 0.513726630851366 0.226349440763675 0.230614996114859 0.0832360724602081 0.135895317620578 0 0.0687582527394733 0.232875119763363 0.243046491747807 0.314645089321621 0.222893106017211 0.419962545469119 0.51165884462032 0.254386883672578 -0.476665118791592 0.296770588889883 0.286310253075489 0.162634530501308 0.217609780882888 0.441101790367865 0
