"V1" "V2" "V3" "V4" "V5" "V6" "V7" "V8" "V9" "V10" "V11" "V12" "V13" "V14" "V15" "V16" "V17" "V18" "V19" "V20" "V21" "V22" "V23" "V24" "V25" "V26" "V27" "V28" "V29" "V30" "V31" "V32" "V33" "V34" "V35" "V36" "V37" "V38" "V39" "V40" "V41" "V42" "V43" "V44" "V45" "V46" "V47" "V48" "V49" "V50" "V51" "V52" "V53" "V54" "V55" "V56" "V57" "V58" "V59" "V60" "V61" "V62" "V63" "V64" "V65" "V66" "V67" "V68" "V69" "V70" "V71" "V72" "V73" "V74" "V75" "V76" "V77" "V78" "V79" "V80" "V81" "V82" "V83" "V84" "V85" "V86" "V87" "V88" "V89" "V90" "V91" "V92" "V93" "V94" "V95" "V96" "V97" "V98" "V99" "V100"
"1" 1 -0.00338127511338494 -0.0303655515225874 0 -0.0324755874584221 0.012582055751934 0 -0.0228842617205448 0.0221505095585785 0 0.0365025375420344 0.0903699398643966 0.173775710228125 0 0.189636610665042 0.334014543760916 0.171146034056195 0 0.162627043955223 0.034385480596625 0.0465311707472287 0 0 0.153391904889952 0.00260307467745033 0 0.0760070833838581 0 0 0.255502200781752 0.210725633341527 0.0159191856773873 0 0.179948117735996 -0.00334763565835522 0 0.0588541605339832 0.298925711719476 0.119061311504672 0.209573717744275 0.109071619480789 0 0 0 0.0420923408914992 0 0.211317464363784 0.167548821676101 0.239027961652445 0.197746118790625 0.118392058260195 0 0.281891054904603 0.132197869036085 0.185619928677297 0.243659247320337 0.0435084228895395 0.220094916965902 0 0.213771545967301 0.0460857816730706 0.190117591223541 0.143439129049566 0 0.123976040611075 0.214654988484485 0.0557816120196257 0.191249545078944 -0.0341968086021228 0 0.166767029538397 0.122620308543773 0 0.162670074903002 0.244534610958957 0 0.0359414720289374 0.193947432723833 0.192155662585521 0.0119103974755257 0.03556394383977 0 0.0261127501189851 0.247058716698875 0.167788786828669 0.305626985023143 0 0 0 0 0.0202660776766365 0.222904774545627 -0.133159939034122 -0.0320842222331687 0.0180997344989153 0.0278396218659732 -0.0702668495149281 -0.0154222496623912 0.0256834042368782 -0.157506393170307
"2" -0.00338127511338494 1 0.234292224154286 0 0.000840522175163295 -0.00714955774932797 -0.0278411085917491 -0.0248861426389717 -0.00159216079554997 0 -0.0328092513721159 0.272217889744882 0.0207083498992909 0.0146675084735752 -0.000772124855934993 0.057608522977431 0.0104637796108512 0 0.121233177540327 -0.0198915039598386 0.241438826301298 0 0.0356504086041842 0.180583418438303 0.129592111245835 0 0.262349452872375 0 -0.0483042531000628 0.0267975033195404 0.173961736611815 0 0.00842549658651695 -0.0361806633151401 0 0 -0.269192670911177 -0.0738967735842944 0.139756112345022 -0.00566638558266583 0.253012762750779 0.191668687479831 0 0 0.0690537396716678 -0.04460383309334 0 -0.185468691845675 -0.0356170606144317 -0.00441151888498222 0.0299134393864587 0.252290885578051 0.0183375129330029 0.0145629751969259 0.0313989295710524 0 0.0452963324215298 -0.0281993251681206 0 0.0721833187830102 0 0 0.157417016022114 0 0 -0.00746806927422151 -0.000767267667897195 -0.00805093415351097 0.04726527377941 -0.00307130383135277 0 0.000359481936718312 0 0.138381983578185 0 -0.0128349721388853 -0.0426678653953181 0 -0.15457759549166 0.248489219490992 0.0123111135073173 0 0.296669586558205 0.00773892615111967 0 0.0585903879610077 0 0 0 -0.126134529546309 -0.244222837623721 0 -0.232767352637106 -0.196765756087508 -0.239261563538828 -0.205709919033243 -0.209240908930893 -0.23596449096559 -0.228315578120727 -0.163093236428971
"3" -0.0303655515225874 0.234292224154286 1 0 0.0174512254147882 -0.013645068348994 0.0157266617464944 -0.00108687485392669 -0.00109797525944392 0 -0.00996581505238923 0.0142691361644955 0.0212329702468187 0.0933125175708586 0.0659486771592643 0.253365171454422 0 -0.171120590853675 0.249205830287811 -0.0177011736066456 0.414982767556378 0 0 0.227884126985528 -0.0213921158282173 0.311358782931791 0.398995312910819 0 -0.0350251090582166 0.213798347042929 0.205161728295574 0.000326241933737678 0.0592849195977844 -0.159698245843722 0.155587921006887 -0.0265365100642513 -0.325116678413981 0.0321452493118568 -0.00655765978557386 -0.0155372823769369 0.276888937030208 0.391621650936486 -0.00633988586882321 0 0.298475206255357 0 -0.0422472248288146 -0.173362396095577 -0.0214601096022811 -0.0354870814305371 -0.0272735051223013 0.254812993108914 0.0231212869036554 0.0182589968912193 0.0867940856089656 0 0.178317187667433 0.0104206868850652 0.273761808763817 0.160472686804765 0.0342687445703166 -0.0390169142693749 0.160399223547708 0.37422214252663 0 0.268157774065109 -0.0357646178168312 -0.0283084854082791 0.368222770122446 0.0182142000036489 0.190145356945013 0 0 0.456318827345111 0.146879158982811 -0.00788398855447623 -0.175508011267633 0 0.0187559064588223 0.418711079064971 0.0284344633313846 0.142239836563531 0.377528039388065 0.000896182684891316 0 0.0555321679965808 0 -0.00962037830176529 0.273560804871697 -0.0149272570779658 -0.00921815530318518 0 -0.234165842992998 -0.197981751887004 -0.193402153082723 -0.210901631594819 -0.179952502124067 -0.231186835086316 -0.208759814344298 -0.162162911795899
"4" 0 0 0 1 0.0359332551470354 0 0 -0.0303756075115137 0 0 0.00890596002594394 0 0.011400597275877 0.135083425383876 0.25671190956939 0 0.2064608430822 -0.233027567522888 0.257840812617923 0 0.366235803343226 -0.0813598724535544 0 0 0 0.33442298871982 0 0 -0.0211609439395989 0 0.252223475202017 0.0292104784074248 0.0131519407116956 -0.204525396057654 0.214854616868358 -0.0137139745954076 -0.373834732302944 0.117087494476843 -0.0554497012583332 -0.0401719011808377 0.316107845989244 0 0.105379153834452 0.308962757797418 0 0 -0.102359494844857 -0.230245162395248 -0.00447355198734846 0 0 0.31084867641817 0 -0.0306337778343008 0.0851808653951458 0 0.153380388947509 -0.160456167836248 0.307175146398187 0.157345748596099 -0.145736553361672 -0.0150000623637518 0.0500903297414234 0.384993609180519 0 0 0.00810289995538161 -0.055632920187654 0.374011287600383 0.0168557423016964 0 0.0234027797192882 0 0.367938546391385 0.145329511724105 0.00309785341358586 -0.281416605255852 0 -0.1105147729593 0 0 0 0 -0.0106609201635275 0.0373442328598419 0.0867494976196659 0.0714172587788785 0.0327581484702872 0 0 -0.0346554778837595 0 -0.236649498412489 -0.186438785909019 -0.216504907760151 -0.17232343921304 -0.150850389585957 -0.23546004119766 -0.184848289544363 -0.112645761733653
"5" -0.0324755874584221 0.000840522175163295 0.0174512254147882 0.0359332551470354 1 -0.0242461657039881 0 0.0131845676119274 -0.0117413359984131 0 -0.00931142125510439 0 0.0154143059462655 0.172579669976955 -0.0109824756137298 0 -0.0112208613469372 0.286426892370338 -0.0218775581250847 0 0.188528178931352 0.189329662231354 0 0 0 0 0.0101160082487813 0.00239571879277012 0.219773954464244 0.0239961754265867 0 0.291148362442785 0.175613202043278 0.0352351528490375 0.230860539611395 0.00587744305973596 0.243610378535776 0.0281137148094536 0 0.0305842561774072 0.0210917588220309 0.00401565328841925 0.0118496230564508 0.210471790023689 0 -0.0267836611906678 0.137240073373044 0.0537005287482061 0.162589039038498 0.00331137014179766 -0.0142578924635907 0 0 -0.00516787508353547 0.228124380961185 0 0.239014334784422 0.0138573183510673 0.00633753256616374 0.00432920006606262 0.00616693862047257 0 0 -0.0207232757376141 0 0.0117121037822834 -0.0035220588807714 0.0412282687705769 -0.0120232263940989 0.0439446893587573 -0.0123424513605877 0 0 0.00963298061789422 0 -0.00795388198025002 -0.0358104308576621 0 0.0143174108330614 -0.0187263340436219 0.0200918339208316 0.00743789144417753 0 0.0156426437223565 0.131989690138203 0 0 -0.0116053423723207 0 0 0.25910628148533 0 -0.0164503687212319 0.00960250037913165 0.00192159275723283 0.00801223268069788 -0.00189909027879279 0.00816139781446303 -0.00372587323313046 -0.0229102934696863
"6" 0.012582055751934 -0.00714955774932797 -0.013645068348994 0 -0.0242461657039881 1 -0.294031215896614 0.00696248302951095 -0.00648718349415717 0 0.000200318553554637 0.0239953740093636 -0.00998506818206754 -0.000366601599563627 -0.0359072312097161 0.023940378140083 0.00460629639650628 -0.167716770314485 -0.00650698730301552 0.0467604274790601 0.015798559504679 0 0 -0.0228601139590305 -0.0108394291973456 -0.00252749972639431 -0.0174128956022758 0 -0.166825346031893 -0.0200457019740877 -0.19686833264666 0.205724282143798 -0.187271180640922 -0.0270129084963826 -0.179088035058494 -0.00144412213617501 -0.00597609181453172 -0.157357748495528 -0.0183631485906641 -0.024493927355502 -0.118624369807302 -0.00905239610469093 0.0219569720981094 -0.0318164376447094 0.000495372187717112 0.0215717703271573 -0.136769770005315 -0.0386833978048801 -0.221293114785006 -0.148769541802076 0.00834918109685708 -0.147965313331832 -0.0240293323249182 0.188617021332916 -0.0283668147815281 0 0.0140291899014923 0.0044140371772851 -0.00754596142303475 -0.0177513791392825 -0.0188291953789237 -0.0169845627912369 0 0.0338204252985684 0 -0.00615861238828887 0.0197587270658617 -0.0439880505808992 0.0036952069661961 0.274731165058494 0.00715685298924937 0 0 -0.00826182074151314 0.0159245123750135 0.320029109214295 0.0505843929046139 0 -0.0107164505154174 -0.0315313678693967 -0.0102910597141089 -0.0109037608469333 0.0192013949109856 -0.0308809899034178 0 -0.177678346776285 0 0.00831777404497553 0 0 -0.274886464923445 0 -0.0165189367963971 -0.0250500732066448 -0.166079544784509 -0.0368004588118753 -0.185235476423826 -0.16491747097181 -0.199254706861953 -0.0197522129658676
"7" 0 -0.0278411085917491 0.0157266617464944 0 0 -0.294031215896614 1 0 0.00166425961553619 0 0 -0.192691932059824 -0.0313771604681358 0 0 0 0 0 0 -0.208891350234046 0.0101719629565889 0 0 -0.0244200538199955 -0.268728981280422 0 -0.0065387939052669 -0.132444584958862 0 -0.00948993276460563 -0.00826014665292832 0 0 -0.0254533771155751 0 0 0 0.04191752798817 -0.00498374915393227 -0.0341560745897371 -0.00191750822947185 0 -0.00163369774628704 0 0.19769122158592 0 0 0 0.206847701408767 -0.00291453126799779 0 0.0226572055036462 -0.00316464574144824 0 0.00488138432949452 0 0 -0.165515940035564 -0.0210141437919573 -0.00400415450157639 0 0 -0.0177721470821382 0.00375713409589199 0 0 0 0 0 0 0 0.00848375974927462 -0.000557420020682285 0.0438698922629373 0.0227019890279508 -0.00893674959481263 -0.221143963549419 0 -0.0440751907845971 0 -0.0126852744931157 -0.0067216062603666 -0.0115339930325629 0 0 -0.0120960964639547 0.0102261751755515 0 -0.0130792587030117 -0.00325611858840315 0 0.0290731995439777 0 0 0 0 0 0 0 0
"8" -0.0228842617205448 -0.0248861426389717 -0.00108687485392669 -0.0303756075115137 0.0131845676119274 0.00696248302951095 0 1 0 0 0.22569704915084 0 0 0.0280328237606519 0.227778710181486 0 0.14702335134692 0.0114191784723431 0.0299804589854618 0 -0.00651013487526313 0 0 0.0256120893879015 0 0.0299046726248922 0.200872878260023 -0.0315703646887595 -0.0220777151004705 0.13539503525096 0.0090001625239383 -0.0135670019913689 0.0239917541315538 -0.00891843465221927 0.0267112185900201 0.0505768270495425 -0.0404078690830942 0 0 0 0 0.162809704314197 -0.0279907911306124 0 0.165202842089693 0 0.0348633612456571 0.00201376341244538 0.0067526314261079 0.229209028796226 0.0285708334971829 0.232022068527929 0 0.0366993134086644 -0.00623598960036934 0 0 -0.0133569715461942 -0.0111093841538067 0.137425642063721 0.0184324208040322 0 0 0.00707508709957268 0 0.142479737198699 -0.0159318554045024 0.0377779014059891 0.149114714931078 0.0239745196800692 0 0 0 0.250088272969148 0 -0.0331349313238599 -0.0306097357470871 0.00913741813652593 0.0149833646157195 0.0195155026560206 -0.00601133924048828 0.211209688618294 -0.00608555770098624 -0.0172481507708514 0 0.166871670942671 0.178152442931835 0 0 0 -0.0209980221375606 0 0.00722043055179701 -0.0359281430550353 0.00954014821429367 -0.0354458088201025 -0.028990855272057 -0.000579998731992801 0.0215616239137035 -0.053461364233788
"9" 0.0221505095585785 -0.00159216079554997 -0.00109797525944392 0 -0.0117413359984131 -0.00648718349415717 0.00166425961553619 0 1 0.230830834369696 0 0.00404707923645913 0.0272969339305926 0 0 0.0112680942929679 0 0 0.0150131129258021 0.188702300458521 -0.0132585167891433 0 0 0.00465303086884449 0.0228849759132049 0 0.00698395852970613 -0.0110117051202826 0 0.121218611996004 -0.0294084179278979 0 0 0 0 0 0.0215411499241393 0.163353025106922 -0.00348424798974839 0.183388733430738 -0.0125732469946044 -0.0113433793886211 0 0 -0.00501337971364541 0 0 -0.0126574264158899 0.163513323192166 0.169071840463436 0.0114222369534119 0 0.0383312266495908 0 0.0177270578524081 0.0374656001930772 0.00814453708010507 0.144084609387842 0 0.156774471388465 0.232345523233244 0.0102155328789399 -0.00521667917084693 0 -0.00990771716310099 0.0578697632080967 0.0142559725086319 0 0 0 0.0303610200128516 0.000808611714299205 0 -0.00751175223025104 0.0271434308310748 0 0.0116348936754204 0 0.0332081893743506 0.0192779871154131 0.0120821371763945 0 0.00758831500808245 0.162589641162027 -0.0271156115698344 0.128200136106832 0.0207307840809407 0 0 0 0 -0.0267918313521663 -0.00171635876493064 -0.0129846410277387 0.0262379046709935 0 0.00334182878847069 0.0194938163751415 0 0
"10" 0 0 0 0 0 0 0 0 0.230830834369696 1 0 0 0.156899489289412 0 0 0 0 0 0 0 0.00534117782824675 0 0 0.0981876434586608 0 0 0 0 -0.0240096754106133 0 0.000784687747252535 0 0 0 0 0 0 0 0 0.0084327484548102 -0.0101857622211697 0 0 0 0 0.194761645609518 0 0 0 0 0 0 -0.0193852636451133 0 0.163341090482499 0.151087037678416 0 0 0 0 0 0 0 0 0 0 0 0 0 0 0.013894925617135 0 0 0.00965909869091764 0 0 0 0 -0.0013191447094523 0 -0.016262685087202 0 0 0.142046194459784 0 0 0 0.00473665043322409 0 0 0 0 0 0 0 0 0 0 0 0
"11" 0.0365025375420344 -0.0328092513721159 -0.00996581505238923 0.00890596002594394 -0.00931142125510439 0.000200318553554637 0 0.22569704915084 0 0 1 0.02608778205857 0 0.209545657776497 -0.0466998333571475 0 0.303588611231762 0.0349575949791746 0.17647922308849 0 0.0097895162001516 0 0.326929540025707 0.103982756390302 0 0.0301618928865742 0.057014985336555 -0.012894429503319 0.014396727958343 0 0 -0.00137313794748369 0.218655051480441 0.0302147184110355 0.0336955781240661 0.12529938711992 0.0165537919200422 0 0 0 0 0 0.00434629944682559 0 0 0 0.0531205679174195 0.155136567617104 0.0342821506801617 0.160294058594369 0.226907364210723 0.0640433259867112 0 0.380529228604675 0.168178430014451 0 0 0.223319602319043 0.0513645647680257 0.196876021585049 0.0161258355775073 0 0 0.0273843257011142 0.107711821661656 0.186603497637482 0.262641530930525 0.0816136777694748 0.257772630363553 -0.0321138008747381 0 0.28083673812046 0 0.126188774946818 0 -0.157569132070994 0.170743100782669 0.0982863843112583 0.221324895270122 -0.0157702934624845 0 0.35986689234821 0.191438160155397 0.245191513266549 0 0.100584570547137 0.251502679333371 0 -0.0120123756532897 0 0.203897266259336 0 -0.22569235787994 -0.207171115448035 -0.146430152236109 -0.229367883138946 -0.266029879919838 0.00947529934613832 -0.172106901757879 -0.255083536211032
"12" 0.0903699398643966 0.272217889744882 0.0142691361644955 0 0 0.0239953740093636 -0.192691932059824 0 0.00404707923645913 0 0.02608778205857 1 0.302528756971289 0.230527293125825 0.0015529885286562 0.211007153386222 0 0 0.181826686389541 0.41151887386851 0.136171606260957 0 0 0.150449297124075 0.3854349023664 0 0.0720073929230816 0.24258503297984 0 0.238082791647752 0.00815238978750688 0 0 0.259960381369419 -0.0180106937289331 0 0.0386503802643626 0.0257302326704602 0.168711500288304 0.181521595243425 0.117852425671172 0 0 0 0.0163501638170849 0 0 0.186853028360551 0.194626228729371 0.190806317460935 0.2225056885933 0.142945982504349 0.22166016373201 0 0.235581495106251 0.26537291194141 0.0592628486172192 0.386894649615116 0 0.225639530347496 0.171719638726459 0.268911803217524 0.373457518769598 0.0285321640608343 0 0 0 0.268073557174739 0 0 0.169680780645393 0.104742763153715 0 0.119229659500904 0.0494807534863125 0 0.215522524972323 0.218728066256138 0.119828708263993 0.0503382481790161 0.259828989591115 0 0.340363074808883 0.278585487617287 0 0.339581252264015 0 0 0.0159012849777805 0 0.0231996730624041 0.137537610140355 -0.27585464893352 -0.294964771008929 -0.280018419844193 -0.314284256014148 -0.293039996921945 -0.292399823943228 -0.296855978378237 -0.2454614865221
"13" 0.173775710228125 0.0207083498992909 0.0212329702468187 0.011400597275877 0.0154143059462655 -0.00998506818206754 -0.0313771604681358 0 0.0272969339305926 0.156899489289412 0 0.302528756971289 1 0.313660744565409 -0.0235603774967022 0.340113376001576 0 0 0.231059223427444 0.354778250752484 0.219211384767296 0 0 0.232012520422028 0.240195105773341 0 -0.0107966250449438 0.149823820931208 0.22718338112286 0.292122649736261 -0.0334085363766898 0 0 0.248548987668257 0 0 0.0391488919938252 0.294520849365896 0.316493204459916 0.288126681314009 0.129614570422452 0.202344703321866 0 -0.0503609830146503 0.0387810967210864 0.265915289920786 0.234054256021695 0.329379329874597 0.200527846736397 0.187948615634912 0.347966248358513 0 0.336239386528806 0 0.442090911669297 0.285364964850358 0.225951421181303 0.254433944313498 0 0.252046899621585 0.0341153704861191 0.239250534606803 0.381340897230686 0 0.316899194326995 0.0192012355343301 -0.00490519159414708 0 0.0277760946827762 -0.0225222022667393 0.350514723500698 0.21365644286272 0.129163523286084 0.171634529693428 0.171542084145723 0 0.223104639332293 0 0.0260584644898922 0.132888820182089 0.577830401607597 0 0.371946746816702 0.348250377684739 0.368744825706225 0.285630072942151 0 0.281158713935659 0 -0.053820969886902 0.183876879677393 0 -0.238799985967325 -0.184679694509306 -0.184303000757194 0 -0.186034181795125 -0.174048731040583 0 0
"14" 0 0.0146675084735752 0.0933125175708586 0.135083425383876 0.172579669976955 -0.000366601599563627 0 0.0280328237606519 0 0 0.209545657776497 0.230527293125825 0.313660744565409 1 -0.0188028901699944 0 0 0 0 0.291305140572615 0.246829066911537 0.232070765471408 0 0.224696484840484 0.228518920270196 0 0 0 0.344225692479398 0.230814269026154 0.00614101466308894 0.0118896244156243 0 0.239187400793844 0 0 0.0724597007007884 0.327758264528572 0.252493835815964 0.343654599781677 0.217337197794461 0 0 0 0.169308117383766 0 0.26615839122618 0.242933735797493 0.211265795472065 0.209457261943922 0.286271558255964 0 0.254657279503073 0.2110334646815 0.364429494594442 0 0.368236780364557 0.279674974526321 0 0.340387511617119 0.0630589748051583 0 0.24783136026359 0 0.287499920874029 0.242015996929876 0.17451371607557 0.219177382392973 0.101011058563316 -0.00653266693351649 0.275234062871343 0 0 0.20887242597515 0.32679909618736 0 0 0 0.23759146619014 0 0.374826248576606 0 0.308630621003012 0.328813280734829 0.363399962020277 0.39704026711745 0 0.391415082058374 0 0 0.23748795727607 0 -0.211730884863191 0 -0.182245852068347 0 0 0 0 0
"15" 0.189636610665042 -0.000772124855934993 0.0659486771592643 0.25671190956939 -0.0109824756137298 -0.0359072312097161 0 0.227778710181486 0 0 -0.0466998333571475 0.0015529885286562 -0.0235603774967022 -0.0188028901699944 1 0.191966126734726 0.0944349907918167 -0.0281796161166104 0.175529859943456 0 0.194820382029631 0.0285335517230102 0 0 0 0.10979637235782 0.344319248569843 0.0900954151039816 0.0205178023277909 0.269242373114119 0.157212591074501 0.00959583383225609 -0.0150073454359544 -0.0073075934008538 0.183781196950211 0.0588412752558788 -0.0136706816734645 0.253796526559572 0 0 0.29329850328498 0.119328074089991 0.367126236133141 0 0.196295444369235 0.208659620954899 0.114177825411574 -0.133064225568415 0.20967274051407 0.288740130373135 0 0.325570707965099 0 0.146020179563701 0.0921816050119374 0 0.194774779689871 0.0687815930006077 0.321483737763446 0.317628763639365 0.0199522566132292 0.216066390373277 0 0 0 0.427392596266009 0.163642338850686 0.189204971488153 0.116200602648758 -0.00643357835192195 0.0222207791736069 0 0 0.368657372044692 0.413037060947259 0 -0.174744976605396 0.228516803142501 0.173387943066685 0.177595602345822 0.158262368425884 0.205439982572248 0.0364540924513115 0.0441377866869927 0.00940674022070492 0.407479400165148 0 0.203905210495944 0 0 0.0122449516791882 0 -0.261438188404985 -0.179234407375376 -0.220644572962178 -0.228514871473252 -0.191686468055032 -0.256584536657339 -0.194831995202644 -0.218123638635527
"16" 0.334014543760916 0.057608522977431 0.253365171454422 0 0 0.023940378140083 0 0 0.0112680942929679 0 0 0.211007153386222 0.340113376001576 0 0.191966126734726 1 0 0 0.309369165796683 0.172633490273268 0.194490121935242 0 0 0.262952096364139 0.00118212931841105 0 0.360933792284844 0 -0.0376684404720461 0.423735407757737 0.203753856580033 0 0 -0.0589426514509244 0 0 -0.247179338324252 0.224724459622741 0.188230339475434 0 0.256814908264334 0.39813850031574 0 0 0.430863724830293 0 0 -0.0425259292966058 0.205873400608139 0.163011070218759 -0.00828245539464533 0 0.455014974163616 0.222364009180801 0.186125772714949 0.259334634738357 0.105732544871594 0.00971777951937369 0 0.310576864478756 0.00323195885768338 0.202487578516481 0.314145240212353 0 0.166596127773641 0.217530025325303 0.0111805012920825 0 0 -0.0227020768080284 0.306820029889363 0.264885636910857 0 0.438506025598515 0.28228359795971 0 -0.0283209596863317 0.202973708026222 -0.0130898298130223 0.173348916863946 0.228470846203736 0 0.494115756107899 0.229605456752555 0.0564322637415728 0.18539977821051 0 0.106876655249305 0 0 0.0155416985107099 0.244291756027842 -0.240608303038874 -0.279477278250243 -0.202710430760516 -0.1958931426692 -0.257750650879604 -0.194778420638174 -0.157350994841283 -0.205530093612976
"17" 0.171146034056195 0.0104637796108512 0 0.2064608430822 -0.0112208613469372 0.00460629639650628 0 0.14702335134692 0 0 0.303588611231762 0 0 0 0.0944349907918167 0 1 0.247233857064462 0.328237739222427 0 0.275640451583437 0 0 0 0.183583978382156 0.267592451989405 0.1667443753201 0.235459579367428 0.218082570540875 0 0 0.0230870345478803 0.376811908304891 0.0983180904441163 0.247553205641476 0.45410971557008 -0.0341914571099445 0 0.258664426202197 0 0 0 0.296755305885729 0 0 0 0.217358078241659 0.164313495132448 0 0.220063745127341 0 0.210820888362183 0 0.365947920971538 0.31008467884175 0 0 0.185193403612052 0.349693905368947 0.346521409280265 -0.0402350969803495 0 0 0.189011582030052 0 0.19190870396418 0.217505386924782 0.0790264663584225 0.268252767101441 -0.0167932967044691 0 0.163836312275327 0 0.319491236445045 0 -0.175301910682289 0 0.293714147346281 0.112755921221105 0.194217727895087 0 0.531212309761089 0 0 0 0 0.0404713543188122 0 0 0 0.0342877147986692 0 -0.251939525312114 -0.228698419386462 -0.21348583567855 -0.290780100949848 -0.238896870838059 -0.210079871423171 -0.317772336153305 -0.289513415052814
"18" 0 0 -0.171120590853675 -0.233027567522888 0.286426892370338 -0.167716770314485 0 0.0114191784723431 0 0 0.0349575949791746 0 0 0 -0.0281796161166104 0 0.247233857064462 1 -0.046895196405786 0 -0.0411738014248812 0.303236801671559 0 0 0.0253416503113625 -0.052280129161954 0.00832809658650037 -0.0134729315781595 0.315777247938036 0 0 0.0327118050706871 0.224511901447947 0.309757715613864 0.00928863767101404 0.266072042749949 0.406924978265092 0 0.237633714079505 0 -0.0410151658919702 0 0.218305061332443 -0.005811205456978 0 0 0.37034885330711 0.271394526839539 0.18129400587675 0.198695046084955 0 0.0874232813362794 0 0.22958170168988 0.290566368031249 0 0 0.162177693737284 0.0182753604958261 0.172055119189631 0.035560755455514 0 0 -0.268321281104775 0.113888831468102 0 0 0.2896452859299 -0.339119199821662 -0.024726195171828 0 -0.0471499098245885 0 -0.0230448097272547 0 -0.0467625500047467 0.168217150724633 0.139490485139475 0.167610940258377 -0.211465822440155 0 0.26559586240081 0 0.210182134354365 0 -0.028025009746368 -0.0382009594588604 0 0 0 0.358863410730252 0 0.018315060823496 -0.00808604404368766 0.0654357124314499 -0.00775122336959949 -0.0210890323783422 0.0276680331550028 0.0386893880563794 -0.00669121178559183
"19" 0.162627043955223 0.121233177540327 0.249205830287811 0.257840812617923 -0.0218775581250847 -0.00650698730301552 0 0.0299804589854618 0.0150131129258021 0 0.17647922308849 0.181826686389541 0.231059223427444 0 0.175529859943456 0.309369165796683 0.328237739222427 -0.046895196405786 1 0 0.377982727521311 0 0.0499375181211515 0 0 0 0.250014012007386 0.189760916648116 0 0.218831631989836 0 0.0534902819670463 0.168478338853447 0.0240529581582422 0.279768731248533 0 -0.192024893568059 0 0 0 0.268708211675012 0 0.119255321648703 0 0 0 0.0332357594707314 -0.0412924965404682 0.0551403786867143 -0.0117355213714437 0 0.286903057986698 0 0.250582771130817 0.222426826878212 0 0 0.0428758962245526 0.312673608054308 0.294938368632156 -0.0604333468112925 0 0 0.218122176542788 0 0 0 0.00610057502385116 0.279449492617824 0.017052147961462 0 0 0 0.370568151132083 0 -0.0564348033539396 -0.0122667595109341 0.362353232399464 -0.010195777225758 0.424052253893668 0.211839595341337 0.299543275443359 0.338978952391724 0.0952580295460008 0 0.176412373317365 -0.00606686834281755 0 0 -0.00855747984167186 0.0177521693422069 0.226104341853864 -0.339190314402923 -0.372092733571123 -0.313250071663891 -0.298227196038968 -0.347167149197101 -0.331440133307855 -0.285403597408057 -0.274475865542424
"20" 0.034385480596625 -0.0198915039598386 -0.0177011736066456 0 0 0.0467604274790601 -0.208891350234046 0 0.188702300458521 0 0 0.41151887386851 0.354778250752484 0.291305140572615 0 0.172633490273268 0 0 0 1 0.00164989339723908 0 0 0.0183940482157031 0.433721154192862 0 -0.0347616869304307 0.144266680881763 0.370764316150824 0.159889182197876 0.00573541776593216 0 0 0.383017895246555 0 0 0.217592376292485 0.096934853590832 0.349162780002857 0.300298369164665 0.0200061451289898 0 0 0 -0.0252722794500132 0 0 0.383902435463716 0.247481950148395 0.240791502300109 0.401737108355679 -0.00842873170630388 0.28746262019642 0 0.202883704781182 0.303468034118314 0.0662120564562816 0.434459574436809 -0.00769160110628078 0.17202014221673 0.353049142450217 0.296309545934792 0.321907856849859 0 0.219119800219432 0 0 0.259683060605244 0 -0.192065690375743 0.202834232923871 0.166750264789311 0.00904427577668664 0.0281073781653377 0.0927689250988896 0 0.323770768957086 0 0.226703756222451 0 0.31486721618671 0 0.157323527179502 0.421060457840261 0.25125786444048 0.254791599032217 0.109842523289966 0.216379037763546 -0.151456093184688 -0.00875472901229218 0.0202928765741053 0 0 0 0 0 0 0 0 0
"21" 0.0465311707472287 0.241438826301298 0.414982767556378 0.366235803343226 0.188528178931352 0.015798559504679 0.0101719629565889 -0.00651013487526313 -0.0132585167891433 0.00534117782824675 0.0097895162001516 0.136171606260957 0.219211384767296 0.246829066911537 0.194820382029631 0.194490121935242 0.275640451583437 -0.0411738014248812 0.377982727521311 0.00164989339723908 1 0 0 0.243579915486938 0 0.310372069127787 0.368699865287936 0 0.0454072801405369 0.340999981803005 0.0177852947281968 0.24074123927598 0.163067881058007 -0.0243305343659881 0.336058741526228 0.230248583427676 -0.250608089431519 0.174358556725431 0 0.0237484779187275 0.413702932685927 0.375551209313948 0.17083110245338 0.353941968319123 0.277274866151625 0.125067127578344 0.0350456868263813 -0.0295252924628262 0.0308783045298528 0.0772439710553718 0.0334575503185129 0.312426674624655 0.159241396678933 0.164366850088839 0.453474308821473 0 0.431938917010577 0.0264539988934535 0.336215117959061 0.325493105512833 -0.0383617746072709 0.00363635249033485 0 0.383543922330688 0 0.403112255244002 0.0363950274833208 0.0384635497276017 0.352039104958148 0.263370593542296 0.231208491523248 0 0 0.541096287473015 0.219230418399486 0.0629077147147975 -0.18004311116603 0 0.0175423193540259 0.435943316693679 0.188340287729829 0.174734381417034 0.394038684158605 0.00141584162061174 0.170434616767714 0.26686870458213 0 0.15046576780846 0 0 0.0285921757376871 0 -0.434175049495287 -0.367448516125257 -0.379398941431175 -0.299312117646511 -0.294288157175506 -0.359159730635565 -0.309431945321603 -0.271467363376619
"22" 0 0 0 -0.0813598724535544 0.189329662231354 0 0 0 0 0 0 0 0 0.232070765471408 0.0285335517230102 0 0 0.303236801671559 0 0 0 1 0 0 0 0 0 0.130801765169033 0 0 0 0.0131560939002991 0.225330350710679 0 0.0679078343815401 0 0.193501331367743 0 0 0 0 0 0.251022844104246 0 0 0 0.331048410105426 0.249236689610906 0 0 0 0 0 0.191360437867943 0.24698407569674 0 0 0 0 0.212274772844122 0.172543513023721 0 0 0 0.188347979203998 0 0 0.349212385854148 -0.0949392103735551 0 -0.00250703111353309 -0.0312003382813708 0.120837556813345 -0.0252250582788641 0 -0.184977267643274 0 0.249906802915523 0.171935021775478 0 0 0.183566918573541 0 0 0 0 0 0 0 0 0.0224862457193761 0 0 0 0 0 0 0 0 0
"23" 0 0.0356504086041842 0 0 0 0 0 0 0 0 0.326929540025707 0 0 0 0 0 0 0 0.0499375181211515 0 0 0 1 0 0 0 0 0 0 0 0 0 0 0 -0.0139867763551708 0 0 0 0 0 0 0 0 0 0 0 0 0 0 0 0 0.123214368659684 0 0 0 0 0 0 0.0471311098884592 0 0 0 0 0 0.243152049129561 0 0 0 0 0 0.207555935505909 0 0.0534982719268519 0 0 0 0 0.188136896086432 0 -0.0102903700490459 0 0 0 0 0 0 0.327612816781425 0.214176368885988 0.0599713189127808 0 0 0 -0.171525776364937 -0.159951645721403 -0.0113421917590669 -0.170949888172573 -0.176527742075716 0.0052275646178945 -0.0454668985166439 -0.193699693130905
"24" 0.153391904889952 0.180583418438303 0.227884126985528 0 0 -0.0228601139590305 -0.0244200538199955 0.0256120893879015 0.00465303086884449 0.0981876434586608 0.103982756390302 0.150449297124075 0.232012520422028 0.224696484840484 0 0.262952096364139 0 0 0 0.0183940482157031 0.243579915486938 0 0 1 0.177375736066852 0.220645659872432 0.354713823419576 0.21334113942366 0.0668861195859227 0.352239427041191 0.20158146386197 0.00281319682929639 0 0.0336347838342114 0.144321705255884 0 -0.224239320261284 0.276705134241008 0.264622528948096 0.193421063931207 0.308734484232303 0.241209574656863 0 0 0.248161069434056 0 0.131014947565241 0.0355164099849273 0 0.333142267352816 0.202185389754275 0.203799461369606 0.305802701191073 0.248545429525665 0.244441969299449 0 0.233716164001569 0.0445366650215579 0 0.330104830466754 0.0124625862538983 0.103253022456629 0.367091551766439 0.111351655794769 0 0.339462149639564 0.216760483456431 -0.0557469939615645 -0.00241644096997729 0.00343728726312882 0.186147038371322 0 0.149524720435363 0.391812343300616 0.38996459223626 -0.113171163862018 -0.0117285223424611 0 0.204293835565723 0.0639706868884201 0.255483192435442 0 0.249928269594418 0.273921467710885 0.202478610905329 0.278237546851991 0 0.219381996071765 0.0419945480496756 0.20639610351198 -0.0248657251574113 0 -0.266644304551137 -0.19817115798784 -0.195303720926727 0 -0.206245615389912 0 0 0
"25" 0.00260307467745033 0.129592111245835 -0.0213921158282173 0 0 -0.0108394291973456 -0.268728981280422 0 0.0228849759132049 0 0 0.3854349023664 0.240195105773341 0.228518920270196 0 0.00118212931841105 0.183583978382156 0.0253416503113625 0 0.433721154192862 0 0 0 0.177375736066852 1 0 -0.0553054378838403 0.252642586006645 0.283793352996785 0.10006466596473 -0.0149978897104477 0 0.203378301837118 0.280808118260105 0 0.17127658940732 0.0240428437355037 0.23530419675948 0.333592085258894 0.259462231210988 0.00124204962193468 0 0.171975529869237 0 -0.0274014591884832 0 0 0.224926869540298 -0.00409262074039394 0.190745669982557 0.358626943247484 0 0.234426250468991 0 0.238704831262264 0.312009541739245 0.0219750013926195 0.349215651102368 0.0903004097568619 0.170790675454682 0 0.30468333640659 0.257599347457292 0.0649383021944487 0.18239083614866 0 0.342304185485748 0 0 0 0.243292089275733 0.215026119310283 0 0.0404861422171554 0.264722084465364 -0.169929884542934 0.26022856924368 0 0.318549494761226 0 0.286463941120854 0.120416954669035 0.131115146348769 0.297741555674607 0.245493508446256 0.158551582977527 0.218831832644315 0.266349002701341 0 0.136998430114641 0 0 0 0 0 0 0 0 0 0
"26" 0 0 0.311358782931791 0.33442298871982 0 -0.00252749972639431 0 0.0299046726248922 0 0 0.0301618928865742 0 0 0 0.10979637235782 0 0.267592451989405 -0.052280129161954 0 0 0.310372069127787 0 0 0.220645659872432 0 1 0 0 -0.00889482412417068 0 0 -0.00621472396591596 0.0450794568660404 -0.159891209651266 0.291760694882988 0.174643516508677 -0.271182512679015 0 0 -0.0205700480382041 0 0 0.158221661225661 0 0 0 0.018525545837974 0 0 0.00190021860738379 0 0.291154009883796 0 0.0202989127608796 0.0988471000869182 0 0 0 0.337330709030937 0.145874216471116 0.00467211800974076 0 0 0.33407361956138 0 0.137581399502566 0 -0.0143514717745083 0.301603754047322 0.0382884958298493 0 0.115264546766947 0.218111464081353 0.387601320607817 0 -0.0483136141068916 0 0 -0.000786317344302052 0 0 0.199033756118734 0 -0.0455784500920064 0 0 -0.0148542363161004 0 0.269304405164227 0.00610300013396358 -0.057413951393452 0.244778743863942 -0.171110304180764 0 0 0 0 0 0 0
"27" 0.0760070833838581 0.262349452872375 0.398995312910819 0 0.0101160082487813 -0.0174128956022758 -0.0065387939052669 0.200872878260023 0.00698395852970613 0 0.057014985336555 0.0720073929230816 -0.0107966250449438 0 0.344319248569843 0.360933792284844 0.1667443753201 0.00832809658650037 0.250014012007386 -0.0347616869304307 0.368699865287936 0 0 0.354713823419576 -0.0553054378838403 0 1 0 0.000543542733862974 0.314895422703388 0.187402880887605 0 0.0509094643478446 -0.156468138240894 0.258667076324326 0.109714073740234 -0.312903980696954 0.140376085957557 -0.049300300856706 0 0.457423688942424 0.396387777045316 0 0 0.405278078660698 0 0.00199556118749487 -0.218792511133676 0.0225541108708766 0.196737922469369 -0.0492753935035226 0.392862575543231 0.104217924535743 0.107605492337482 0.200405888697863 0 0.335018943881044 -0.0589060049345247 0 0.343941038043596 0.0237959123910161 0.0335857849726127 0.242670365322924 0 0 0.33770965446074 0 -0.0335948655175568 0.189885216775906 0.161217730254541 0 0 0 0.427107851188453 0.281408467135277 0 -0.315998508814249 0 -0.0161811409942829 0.396213099967377 0.125663949140356 0 0.334740563381021 -0.0219160371327484 0 0.274401190927979 0 0 0 0 -0.0471319463804929 0 -0.293547073356899 -0.297797613609104 -0.274362901537716 -0.254682483581743 -0.295562320106483 -0.295814212625235 -0.254445944774027 -0.228499895754312
"28" 0 0 0 0 0.00239571879277012 0 -0.132444584958862 -0.0315703646887595 -0.0110117051202826 0 -0.012894429503319 0.24258503297984 0.149823820931208 0 0.0900954151039816 0 0.235459579367428 -0.0134729315781595 0.189760916648116 0.144266680881763 0 0.130801765169033 0 0.21334113942366 0.252642586006645 0 0 1 0 0 -0.0223202674041246 0.117246835398336 0.0245781839905717 0 0.0152702642524037 0.0686357546595869 0 -0.045833601436169 0.372780281655317 -0.0167257006989043 0.178069340849103 0 0.172972594227378 0 -0.0432088848105449 0 0.0348188616337716 0 0 0 -0.0291056111045561 0 0.100340923321192 0.170493009433359 0 0.00857032157090812 0.0837820457919634 0 0.296931896434592 0 0 0.0192760114791745 0.209545707782741 0.182142420755362 0 0 0 -0.0227068280914232 0.0902914218039769 0 0 0.0919749681368688 0 0 0.171942065802476 -0.0200254489962712 0 0.259594156736394 0 0.253083770310245 0.110574501526242 0.208578331571411 0 0 0 0 0.00583256134215513 0 0.13302052650983 0.0360186059977239 -0.141129627549131 0 0 0 0 0 0 0 0 0
"29" 0 -0.0483042531000628 -0.0350251090582166 -0.0211609439395989 0.219773954464244 -0.166825346031893 0 -0.0220777151004705 0 -0.0240096754106133 0.014396727958343 0 0.22718338112286 0.344225692479398 0.0205178023277909 -0.0376684404720461 0.218082570540875 0.315777247938036 0 0.370764316150824 0.0454072801405369 0 0 0.0668861195859227 0.283793352996785 -0.00889482412417068 0.000543542733862974 0 1 0 -0.000991758840845492 -0.0462937449503342 0.377987484141969 0.495514697271807 0 0.247248939152705 0.328629226021443 0.219877224684673 0.242266823478996 0.33066075090173 0.0351524596670513 -0.039567675447529 0.130336643172019 0.0208425281841973 -0.0276501148006016 0 0.436885202386038 0.429437520781817 0.235449274679125 0.404457221302146 0.26775737054065 0.0112790389446895 0.188333272805105 0.0956552470327977 0.359354686983138 0 0.143238112440421 0.410420531868407 0 0.284168000509155 0.301860168283477 0.157186063277458 0.184193899362774 -0.171877759735669 0 0.228163036655529 0.335448835423933 0.311755312281676 -0.0432580913464003 -0.225271581627585 0.0386648214946308 0 0.0878699806473197 0.0215558508972629 0.186175602190341 -0.157074284799965 0.201349131811195 0 0.32583764650119 -0.00223626666880897 0.319484618587158 0 0.0501192159052642 0.416458511859952 0.342905195276233 0.30044201341796 0 0.335082414227046 0 0.208044817223025 0.257674525247564 0 -0.0405091978637566 -0.0228119042138206 -0.0064700501680088 -0.0308824541603715 0.0106066566039624 -0.045151238503097 0 -0.0569344325145431
"30" 0.255502200781752 0.0267975033195404 0.213798347042929 0 0.0239961754265867 -0.0200457019740877 -0.00948993276460563 0.13539503525096 0.121218611996004 0 0 0.238082791647752 0.292122649736261 0.230814269026154 0.269242373114119 0.423735407757737 0 0 0.218831631989836 0.159889182197876 0.340999981803005 0 0 0.352239427041191 0.10006466596473 0 0.314895422703388 0 0 1 0.0385348469832803 0 0 -0.00551379277455697 0 0 -0.0720278417210218 0.352912647230669 0.167904796819351 0 0.279605625897165 0.350089365375536 0 0 0.347980681967258 0.33197939473007 0 0.00559962855716715 0.229520598797467 0.34666086621327 0.172068758961733 0.178973154139601 0.307266786872581 0.228295141123503 0.244408480344057 0 0.211570228763087 0.129228045347975 0 0.437224941079325 -0.0268633841776571 0.173282616418344 0 0 0 0.275894213847992 0.165095447729694 0.0620650183757618 0 0.0447706945605231 0.284074857010748 0.183198875208661 0 0.384353977639254 0.35548030255812 0 0.0176762301304871 0.229361770473209 0.135424278025273 0.195283527130379 0.27266377400139 0 0.381118459312734 0 0 0.273257877362522 0.181579460184827 0 0 0 -0.0107848140757387 0 -0.255608312803007 -0.214847010827988 -0.205745537413717 -0.17947406018879 -0.203352941111165 -0.189861137657355 0 -0.18706308735817
"31" 0.210725633341527 0.173961736611815 0.205161728295574 0.252223475202017 0 -0.19686833264666 -0.00826014665292832 0.0090001625239383 -0.0294084179278979 0.000784687747252535 0 0.00815238978750688 -0.0334085363766898 0.00614101466308894 0.157212591074501 0.203753856580033 0 0 0 0.00573541776593216 0.0177852947281968 0 0 0.20158146386197 -0.0149978897104477 0 0.187402880887605 -0.0223202674041246 -0.000991758840845492 0.0385348469832803 1 0 0 -0.00710828033931725 0 0 -0.268351939384099 0.0454324822657989 0.0214303019755829 0.0299225282414983 0.330721648523454 0.226975429585514 0 0 0.0272542888089522 0 0 -0.0639375403462242 0.0482477133234595 0.0233378864750992 -0.00684927120966649 0.263078682637159 0.186011306122836 0 -0.0440191255509159 0.038520876416561 -0.0248281279039546 -0.00550550587255247 0.210586946381683 0.132009849868534 -0.00628760169868693 -0.0107810665374251 0.0316191479855498 0 0.145037967647965 0.178080925700732 -0.0096851002569294 0 0 -0.190029690884016 -0.021709584575508 -0.0367893857334557 0 0.266601210241019 0.0913292988697939 0 -0.206849721252211 0 -0.0165936768495257 0 -0.0176552193507713 0 0.0119409938267894 0.0328784311448762 -0.00439046933750712 0.0334071224991409 -0.0259189110970809 -0.0103662210220914 0 -0.0165686382278672 -0.0221226296703195 0 0.0163636582927688 -0.0451556048510741 -0.0085335750708189 0.00633139213857798 -0.0303945764648873 0.00617820966111071 0 -0.00484145888748679
